2.360279357910156417e+00
2.093108122558593909e+00
1.757411623535156231e+00
1.643993242187500092e+00
1.603881928710937599e+00
1.571315146484375092e+00
1.552490703124999927e+00
1.546799223632812526e+00
1.520421567382812533e+00
1.517849787597656208e+00
1.499618916015625025e+00
1.495882363281249905e+00
1.490217980957031285e+00
1.477249387207031139e+00
1.472778098144531311e+00
1.469014157714843671e+00
1.455673391113281312e+00
1.451657917480468685e+00
1.444504140625000099e+00
1.444053046874999913e+00
1.434005759277343639e+00
1.430958010253906343e+00
1.423630300292968665e+00
1.419612031250000017e+00
1.415429736328124966e+00
1.408269467773437533e+00
1.404234436035156186e+00
1.405307521972656293e+00
1.394310297851562463e+00
1.391779184570312466e+00
1.387922163085937521e+00
1.390991406249999951e+00
1.381686423339843817e+00
1.384022131347656170e+00
1.383400659179687464e+00
1.372540820312500021e+00
1.375252612304687538e+00
1.366549843750000104e+00
1.361794790039062564e+00
1.358690544433593717e+00
1.357647985839843807e+00
1.353962758789062581e+00
1.350683698730468674e+00
1.352693188476562502e+00
1.349349433593749925e+00
1.342415168457031349e+00
1.343728674316406302e+00
1.344360874023437402e+00
1.336260173339843815e+00
1.340329030761718831e+00
1.330671247558593784e+00
1.328748205566406160e+00
1.332119204101562593e+00
1.323144160156249916e+00
1.321018886718750007e+00
1.325757629394531234e+00
1.327037863769531256e+00
1.316451115722656162e+00
1.311617702636718841e+00
1.314604099121093661e+00
1.309188442382812401e+00
1.306351586914062501e+00
1.306400124511718719e+00
1.303939968261718763e+00
1.302781564941406289e+00
1.303962695312500086e+00
1.300097399902343742e+00
1.301563474121093744e+00
1.293724174804687488e+00
1.294035249023437473e+00
1.292028547363281321e+00
1.290180810546875056e+00
1.284717128906250005e+00
1.288301098632812502e+00
1.282403937988281228e+00
1.284372480468749966e+00
1.277608474121093796e+00
1.285996752929687403e+00
1.281467705078124908e+00
1.276549082031249949e+00
1.283282329101562480e+00
1.280717359619140572e+00
1.272971962890625086e+00
1.270968044433593791e+00
1.272814150390624954e+00
1.269484140624999924e+00
1.267249133300781150e+00
1.264790366210937433e+00
1.264927587890624983e+00
1.268367587890625092e+00
1.258740117187499896e+00
1.257334104003906328e+00
1.260981140136718803e+00
1.257144316406249906e+00
1.253439335937500010e+00
1.256303884277343741e+00
1.247817773437500000e+00
1.261502360839843684e+00
1.259358911132812509e+00
1.246800212402343844e+00
1.252398581542968792e+00
1.243040244140624973e+00
1.243501760253906241e+00
1.239983166503906276e+00
1.237879970703124943e+00
1.236777058105468674e+00
1.237574946289062394e+00
1.237523547363281295e+00
1.238529145507812457e+00
1.238572519531250027e+00
1.233499750976562392e+00
1.238821694335937584e+00
1.229541011962890673e+00
1.227924498291015576e+00
1.225922983398437527e+00
1.227969542236328149e+00
1.228315286865234279e+00
1.223409609374999985e+00
1.229082631835937578e+00
1.244612064208984403e+00
1.221535678710937489e+00
1.217375468750000023e+00
1.218285959472656277e+00
1.222711088867187490e+00
1.214300977783203228e+00
1.226308215332031271e+00
1.228556823730468706e+00
1.214713364257812511e+00
1.212913508300781151e+00
1.211183547363281265e+00
1.208581730957031253e+00
1.207467370605468826e+00
1.212459221191406256e+00
1.206829753417968831e+00
1.208765531005859373e+00
1.207033930664062504e+00
1.209647878417968725e+00
1.202515065917968640e+00
1.201443004150390514e+00
1.200445093994140677e+00
1.210668881835937460e+00
1.201890932617187602e+00
1.200714468994140693e+00
1.201251279296875030e+00
1.198305317382812429e+00
1.195450051269531189e+00
1.201200843505859428e+00
1.196780117187500103e+00
1.191486108398437604e+00
1.195634428710937502e+00
1.197280284423828167e+00
