2.542921787109375220e+00
2.287309782714843642e+00
2.208779096679687637e+00
2.053863520507812623e+00
2.001173872070312498e+00
1.966342226562499906e+00
1.933172106933593648e+00
1.894279077148437462e+00
1.855901198730468771e+00
1.819586701660156347e+00
1.772431416015624928e+00
1.723806874999999961e+00
1.680045886230468799e+00
1.649879580078124963e+00
1.615681269531249908e+00
1.594835170898437404e+00
1.576478457031250002e+00
1.557950622558593734e+00
1.556545305175781158e+00
1.535930029296874944e+00
1.524561286621093803e+00
1.512978771972656178e+00
1.512863249511718688e+00
1.496864328613281225e+00
1.500606628417968658e+00
1.487859663085937534e+00
1.478856291503906295e+00
1.475626528320312492e+00
1.467196088867187553e+00
1.465089887695312454e+00
1.460019636230468709e+00
1.453547495117187394e+00
1.446491269531249957e+00
1.449692773437500026e+00
1.438838264160156255e+00
1.437626967773437459e+00
1.440066689453125104e+00
1.435965478515625060e+00
1.434241672363281150e+00
1.421259223632812541e+00
1.417094709472656255e+00
1.418643278808593644e+00
1.412492385253906191e+00
1.406118422851562411e+00
1.402421201171875076e+00
1.401355783691406343e+00
1.405787724609375067e+00
1.400349106445312408e+00
1.398884389648437532e+00
1.400452255859375050e+00
1.385306782226562561e+00
1.384439062500000039e+00
1.379399118652343770e+00
1.383750329589843675e+00
1.378656296386718827e+00
1.372580937499999987e+00
1.371981936035156169e+00
1.370384052734374913e+00
1.377466037597656179e+00
1.369414289550781261e+00
1.361070869140625028e+00
1.365099096679687429e+00
1.358960612792968758e+00
1.362927849121093660e+00
1.356403457031249982e+00
1.358138530273437450e+00
1.350156965332031334e+00
1.352842307128906185e+00
1.346843708496093805e+00
1.349889968261718698e+00
1.348220458984374925e+00
1.351294233398437461e+00
1.343958432617187393e+00
1.339070415039062434e+00
1.342400371093749989e+00
1.334973984374999922e+00
1.332099943847656176e+00
1.347005346679687410e+00
1.326902727050781161e+00
1.330701999511718858e+00
1.332239694824218779e+00
1.325637775878906188e+00
1.324138640136718781e+00
1.318724692382812425e+00
1.319144909667968824e+00
1.322824726562499942e+00
1.317791599121093782e+00
1.313052031250000029e+00
1.316210944824218743e+00
1.311493239746093664e+00
1.312573640136718733e+00
1.309770007324218666e+00
1.307006196289062450e+00
1.311051140136718640e+00
1.315680588378906224e+00
1.304136069335937398e+00
1.310211672363281288e+00
1.302089941406249896e+00
1.305138662109375014e+00
1.296592895507812537e+00
1.295230820312500031e+00
1.295560063476562496e+00
1.292524694824218834e+00
1.300113217773437579e+00
1.293409589843750096e+00
1.292881477050781269e+00
1.288786018066406358e+00
1.289424963378906330e+00
1.284187226562500062e+00
1.284113884277343853e+00
1.290138178710937611e+00
1.288853330078125081e+00
1.280240974121093833e+00
1.285003662109375000e+00
1.281324228515624997e+00
1.282689179687499959e+00
1.286978562011718674e+00
1.275639877929687582e+00
1.276642668457031338e+00
1.274388452148437434e+00
1.271366052246093670e+00
1.268104238281249962e+00
1.269851206054687598e+00
1.274499050292968727e+00
1.268415541992187423e+00
1.267945324707031141e+00
1.266133291015625106e+00
1.273464609374999945e+00
1.267333220214843736e+00
1.265591866455078041e+00
1.266106254882812587e+00
1.270892553710937456e+00
1.262076838378906274e+00
1.262187187499999919e+00
1.257258498535156255e+00
1.259030024414062421e+00
1.263065026855468842e+00
1.261665451660156201e+00
1.255553364257812499e+00
1.253693698730468764e+00
1.250828481445312557e+00
1.250251357421874987e+00
1.249807221679687608e+00
1.251199675292968827e+00
1.250917260742187453e+00
1.250187285156250105e+00
1.246765129394531213e+00
1.258536513671874912e+00
1.246879287109375012e+00
1.246695808105468650e+00
1.246609125976562593e+00
