2.398676083984375040e+00
2.165905473632812495e+00
1.797865451660156211e+00
1.703332509765624891e+00
1.660382565917968734e+00
1.632271853027343678e+00
1.612276433105468643e+00
1.591866835937499891e+00
1.575145187988281181e+00
1.564243481445312556e+00
1.549114882812500094e+00
1.539373588867187559e+00
1.529258459472656151e+00
1.516937497558593639e+00
1.509178173828124914e+00
1.500305468749999926e+00
1.501104523925781198e+00
1.485462673339843720e+00
1.480693034667968755e+00
1.471221374511718860e+00
1.471338024902343777e+00
1.456164633789062579e+00
1.454273767089843794e+00
1.446286621093749947e+00
1.444548398437500047e+00
1.436268210449218818e+00
1.436667790527343724e+00
1.424710524902343733e+00
1.424034106445312586e+00
1.416640971679687500e+00
1.416414570312499954e+00
1.406073044433593822e+00
1.400541560058593760e+00
1.396591450195312500e+00
1.391212917480468825e+00
1.386162919921875014e+00
1.383609580078124957e+00
1.387039033203125049e+00
1.375765058593749979e+00
1.378439174804687584e+00
1.376996982421875071e+00
1.367979902343749998e+00
1.365505351562499969e+00
1.372521269531250088e+00
1.358797019042968790e+00
1.359458293457031175e+00
1.354073518066406301e+00
1.357680065917968859e+00
1.351190891113281278e+00
1.345670454101562497e+00
1.348336179199218776e+00
1.339729733886718677e+00
1.334468740234374895e+00
1.332794775390625075e+00
1.332805937500000093e+00
1.329722243652343705e+00
1.328481843261718698e+00
1.322525747070312452e+00
1.323090725097656239e+00
1.321758386230468707e+00
1.323431635742187584e+00
1.313720595703125049e+00
1.311555832519531339e+00
1.311933483886718710e+00
1.309168488769531180e+00
1.312378122558593763e+00
1.307411874999999890e+00
1.302305568847656358e+00
1.306157104492187582e+00
1.305343540039062500e+00
1.299674345703125011e+00
1.294940803222656145e+00
1.297365866699218717e+00
1.290942121582031143e+00
1.292319389648437511e+00
1.286861816406249970e+00
1.289850471191406278e+00
1.284549140625000030e+00
1.284254748535156310e+00
1.286120451660156316e+00
1.283539958496093814e+00
1.284887109375000058e+00
1.279256906738281296e+00
1.275379001464843842e+00
1.278305456542968788e+00
1.270648332519531243e+00
1.269235581054687589e+00
1.270541276855468693e+00
1.266744335937499910e+00
1.264938444824218688e+00
1.275915622558593698e+00
1.265326789550781150e+00
1.266248046874999922e+00
1.262905764160156208e+00
1.255958930664062390e+00
1.259675834960937602e+00
1.257094570312500048e+00
1.255470314941406151e+00
1.253596496582031206e+00
1.253340793457031310e+00
1.249729116210937407e+00
1.253084843749999955e+00
1.249358989257812524e+00
1.248630202636718645e+00
1.244751843261718838e+00
1.240276047363281231e+00
1.238897897949218674e+00
1.240472480468749916e+00
1.239565151367187479e+00
1.243000217285156195e+00
1.233373483886718747e+00
1.239129204101562465e+00
1.235837761230468734e+00
1.240453576660156321e+00
1.236535571289062441e+00
1.230515021972656164e+00
1.241945544433593840e+00
1.226768288574218824e+00
1.234588283691406163e+00
1.228799724121093728e+00
1.221053682861328094e+00
1.220558754882812513e+00
1.220995583496093717e+00
1.225677202148437450e+00
1.218225544433593655e+00
1.220750908203124929e+00
1.217896618652343665e+00
1.215124000244140579e+00
1.213347429199218785e+00
1.217216818847656201e+00
1.206204316406249921e+00
1.210295578613281187e+00
1.205786286621093772e+00
1.217874362792968679e+00
1.207944041748046926e+00
1.204078752441406275e+00
1.202086052246093661e+00
1.199122416992187468e+00
1.199358511962890672e+00
1.198131818847656183e+00
1.196802324218749991e+00
1.197444428710937592e+00
1.193696970214843667e+00
1.195694594726562476e+00
1.207812155761718742e+00
1.195749361572265634e+00
1.188852995605468754e+00
1.196643862304687556e+00
1.190074450683593854e+00
1.190943496093749943e+00
1.186402902832031314e+00
1.188943261718750088e+00
1.183530170898437595e+00
1.191749735107421770e+00
1.194419223632812610e+00
1.192786989746093651e+00
1.186028298339843801e+00
1.180668100585937408e+00
1.177824411621093859e+00
1.183710368652343803e+00
1.177433072509765699e+00
1.181307933349609485e+00
1.174824648437500008e+00
1.175769259033203173e+00
1.172061872558593842e+00
1.175384182128906163e+00
1.184397416992187591e+00
1.172490385742187557e+00
1.177215379638671955e+00
1.168947487792968642e+00
1.177221025390625009e+00
1.172512722167968757e+00
1.172678051757812590e+00
1.168055792236328161e+00
1.163618145751953215e+00
1.165099793701171782e+00
1.170639860839843838e+00
1.161697153320312426e+00
1.169319360351562587e+00
1.162539537353515673e+00
1.157713776855468835e+00
1.156502073974609468e+00
1.165707458496093807e+00
1.159269942626953043e+00
1.158384111328125021e+00
1.154706218261718709e+00
1.160995427246093836e+00
1.162249395751953074e+00
1.152635686035156315e+00
1.162193499755859394e+00
1.158944694824218802e+00
1.151479124755859340e+00
1.152392182617187455e+00
1.150055354003906238e+00
1.152575231933593791e+00
1.152109648437499967e+00
1.154901075439453084e+00
1.145294582519531312e+00
1.150829836425781183e+00
1.145914680175781353e+00
1.151391948242187491e+00
1.143996700439453118e+00
1.146322744140624961e+00
1.157859239501953130e+00
1.148518099365234413e+00
1.140824835205078047e+00
1.141387852783203094e+00
1.139013171386718648e+00
1.144289381103515524e+00
1.146256170654296858e+00
1.137926270751953073e+00
1.136862268066406223e+00
1.144781318359374911e+00
1.147962730712890567e+00
1.139556579589843688e+00
1.145910041503906296e+00
1.133918927001953181e+00
1.140972048339843781e+00
1.139231853027343755e+00
1.132519156494140589e+00
1.132401450195312576e+00
1.138725826416015607e+00
1.135048061523437513e+00
1.133648901367187545e+00
1.140717944335937428e+00
1.128123088378906180e+00
1.132822281494140659e+00
1.130633842773437481e+00
1.130995472412109404e+00
1.128071110839843794e+00
1.136299641113281300e+00
1.131132425537109354e+00
1.125840847167968839e+00
1.128947744140625042e+00
1.135197084960937408e+00
1.122497313232421856e+00
1.133093792724609417e+00
1.141921879882812574e+00
1.121097355957031194e+00
1.120622453613281166e+00
1.126185227050781279e+00
1.131256876220703145e+00
1.121797862548828073e+00
1.120508050537109446e+00
1.120222501220703215e+00
1.117374340820312506e+00
1.122453784179687553e+00
1.121348786621093829e+00
1.118277473144531298e+00
1.120325997314453037e+00
1.118472091064453222e+00
1.123445980224609286e+00
1.113558273925781217e+00
1.130710229492187580e+00
1.111620085449218642e+00
1.117375556640624934e+00
1.116343757324218755e+00
1.115180250244140581e+00
1.111503020019531274e+00
1.111885157470703156e+00
1.130206374511718792e+00
1.118976403808593645e+00
1.110637947998046826e+00
1.119416496582031240e+00
1.114664387207031204e+00
1.116614974365234270e+00
1.108749632568359456e+00
1.111337426757812441e+00
1.119026049804687561e+00
1.106943735351562541e+00
1.106042180175781153e+00
1.107355447998046971e+00
1.110973752441406281e+00
1.109601999511718784e+00
1.109326921386718734e+00
1.105798906249999991e+00
1.115660905761718835e+00
1.105545777587890521e+00
1.107518975830078078e+00
1.114574710693359449e+00
1.104192812500000009e+00
1.107339802246093852e+00
1.105228442382812482e+00
1.109855815429687587e+00
1.110590255126953085e+00
1.116081204833984319e+00
1.101094727783203053e+00
1.099779836425781143e+00
1.100081207275390716e+00
1.103382526855468670e+00
1.112254805908203137e+00
1.103565626220703200e+00
1.105422487792968811e+00
1.097564996337890619e+00
1.098863544921875102e+00
1.103180524902343640e+00
1.100475214843749994e+00
1.098361044921875029e+00
1.095863466796874963e+00
1.096514628906249955e+00
1.099013861083984356e+00
