2.546214194335937542e+00
2.311653437499999963e+00
2.292836662597656172e+00
2.247019116210937639e+00
2.135967392578125068e+00
2.041452189941406203e+00
1.976817844238281330e+00
1.914550737304687500e+00
1.860499721679687468e+00
1.811506782226562473e+00
1.760040222167968738e+00
1.719861262207031283e+00
1.680274777832031274e+00
1.651440339355468856e+00
1.623250620117187459e+00
1.604963405761718809e+00
1.589774350585937412e+00
1.566309941406250017e+00
1.554039978027343727e+00
1.537849064941406274e+00
1.524363613281249918e+00
1.513905942382812508e+00
1.502957224121093782e+00
1.495407399902343837e+00
1.484045146484374911e+00
1.475957414550781222e+00
1.475310383300781236e+00
1.460074772949218724e+00
1.458457465820312438e+00
1.446346828613281232e+00
1.440134111328124966e+00
1.436183225097656280e+00
1.430853452148437510e+00
1.421051293945312599e+00
1.419702893066406180e+00
1.414527438964843675e+00
1.407328125000000041e+00
1.402917609863281179e+00
1.398772416992187573e+00
1.393548464355468752e+00
1.390244885253906215e+00
1.391049636230468733e+00
1.381332695312500025e+00
1.376682258300781170e+00
1.374101154785156265e+00
1.379299096679687420e+00
1.366105024414062452e+00
1.366757294921874921e+00
1.363656965332031179e+00
1.356470451660156229e+00
1.355566018066406198e+00
1.353067602539062442e+00
1.352924680175781269e+00
1.354283168945312532e+00
1.349778293457031264e+00
1.343189970703124958e+00
1.344268488769531311e+00
1.337231245117187495e+00
1.340480673828124969e+00
1.331715417480468844e+00
1.333333112792968844e+00
1.336603740234374893e+00
1.333917937011718680e+00
1.328207509765624961e+00
1.327658679199218650e+00
1.323757624511718856e+00
1.319587312011718749e+00
1.321419455566406276e+00
1.317855104980468761e+00
1.316234899902343658e+00
1.310800292968749892e+00
1.313494160156249979e+00
1.312384096679687584e+00
1.307296528320312401e+00
1.305354477539062419e+00
1.303765505371093703e+00
1.304189235839843697e+00
1.301058078613281266e+00
1.301411457519531245e+00
1.301757827148437574e+00
1.296547775878906350e+00
1.294436396484375029e+00
1.293774680175781233e+00
1.292893808593750027e+00
1.295239855957031283e+00
1.292302568359374959e+00
1.292952812500000048e+00
1.298596469726562397e+00
1.285043969726562541e+00
1.283634555664062482e+00
1.283175490722656242e+00
1.280871049804687578e+00
1.279111237792968758e+00
1.282001491699218843e+00
1.282587480468750041e+00
1.276698374023437443e+00
1.274161940917968749e+00
1.276084313964843675e+00
1.270600644531250101e+00
1.276712055664062540e+00
1.275797458496093828e+00
1.276464716796875010e+00
1.270897781982421870e+00
1.266768403320312597e+00
1.270528193359375058e+00
1.268484382324218673e+00
1.268373283691406339e+00
1.262030168457031198e+00
1.264901606445312465e+00
1.266614912109375046e+00
1.264924538574218715e+00
1.260309602050781352e+00
1.261380917968750071e+00
1.256767309570312463e+00
1.258338630371093725e+00
1.256257019042968714e+00
1.255729953613281324e+00
1.258084638671874922e+00
1.253719118652343756e+00
1.261051953124999958e+00
1.252393562011718808e+00
1.249288898925781321e+00
1.251524775390624900e+00
1.262014521484374985e+00
1.250740869140624989e+00
1.247284653320312575e+00
1.246761845703125093e+00
1.250113940429687487e+00
1.246960766601562520e+00
1.248801162109375085e+00
1.242730590820312564e+00
1.242623645019531153e+00
1.242049926757812450e+00
1.241731855468749979e+00
1.240017248535156158e+00
1.239385839843750059e+00
1.241746674804687478e+00
1.240756628417968743e+00
1.240061791992187468e+00
1.235273134765624947e+00
1.234538278808593681e+00
1.243252248535156257e+00
1.233740626220703129e+00
1.232286284179687552e+00
1.234165500488281220e+00
1.233138741455078069e+00
1.235257792968750046e+00
1.228117565917968834e+00
1.230449816894531256e+00
1.229645920410156190e+00
1.230367568359375108e+00
