2.353756616210937569e+00
2.298314113769531097e+00
2.204311889648437717e+00
2.032157531738281175e+00
1.979822175292968778e+00
1.941458676757812585e+00
1.905549987792968691e+00
1.873926083984374991e+00
1.842737751464843754e+00
1.806995759277343794e+00
1.785193845214843700e+00
1.735738310546875107e+00
1.708004865722656307e+00
1.679778068847656236e+00
1.663837680664062457e+00
1.630974851074218801e+00
1.619957021484375037e+00
1.598865397949218670e+00
1.585505139160156229e+00
1.576376872558593822e+00
1.564700246582031218e+00
1.552508107910156143e+00
1.564232822265624989e+00
1.537461301269531289e+00
1.532981645507812463e+00
1.520000285644531157e+00
1.526326728515625009e+00
1.516998200683593812e+00
1.502976713867187453e+00
1.499609050292968648e+00
1.502396145019531337e+00
1.491495346679687417e+00
1.488788640136718744e+00
1.479487084960937393e+00
1.474877331542968850e+00
1.470342204589843771e+00
1.467533281249999932e+00
1.465766494140624987e+00
1.462427927246093828e+00
1.461476877441406197e+00
1.449288137207031202e+00
1.448971169433593831e+00
1.456272839355468696e+00
1.441582131347656226e+00
1.443222773437500051e+00
1.436148103027343748e+00
1.434234536132812599e+00
1.429364724121093833e+00
1.426854445800781246e+00
1.425239392089843848e+00
1.423506203613281285e+00
1.425418754882812555e+00
1.415095107421874943e+00
1.419861889648437403e+00
1.415451499023437476e+00
1.413837172851562407e+00
1.411230700683593797e+00
1.409139340820312558e+00
1.419821948242187437e+00
1.402448166503906357e+00
1.399862832031250059e+00
1.396300729980468835e+00
1.401923703613281225e+00
1.396100598144531357e+00
1.392367695312499931e+00
1.393123071289062542e+00
1.390635180664062442e+00
1.386459213867187401e+00
1.386140544433593691e+00
1.387583867187500042e+00
1.378520161132812394e+00
1.378386625976562474e+00
1.375937578125000060e+00
1.369975004882812541e+00
1.374957153320312431e+00
1.371412265625000071e+00
1.376787133789062478e+00
1.370746018066406169e+00
1.369345405273437510e+00
1.366375175781249895e+00
1.368967541503906205e+00
1.363762490234375013e+00
1.362732543945312402e+00
1.362078640136718644e+00
1.361638588867187583e+00
1.355333120117187429e+00
1.360721599121093695e+00
1.353999697265624969e+00
1.357889050292968802e+00
1.353549736328125030e+00
1.356188557128906291e+00
1.351604794921875019e+00
1.349899418945312402e+00
1.350131955566406194e+00
1.344206215820312522e+00
1.347135417480468833e+00
1.349542302246093728e+00
1.344444775390625013e+00
1.338711408691406257e+00
1.336766452636718672e+00
1.340421838378906161e+00
1.339704716796874973e+00
1.336901818847656243e+00
1.341329326171875058e+00
1.333859719238281283e+00
1.337228903808593827e+00
1.335680036621093691e+00
1.333389685058593788e+00
1.338524326171874890e+00
1.331570095214843708e+00
1.332188867187499959e+00
1.333599812011718733e+00
1.326510695800781292e+00
1.327243251953124981e+00
1.326005920410156191e+00
1.321639135742187499e+00
1.322354133300781331e+00
1.321947172851562602e+00
1.329112961425781281e+00
1.317530043945312590e+00
1.323308884277343722e+00
1.323346835937500021e+00
1.330617353515624934e+00
1.314583674316406325e+00
1.326253259277343721e+00
1.318040256347656314e+00
1.312292412109375084e+00
1.315437607421874988e+00
1.317074848632812545e+00
1.313572851562500032e+00
1.315292387695312426e+00
1.316341494140625068e+00
1.310667944335937474e+00
1.310462116699218749e+00
1.311518190917968729e+00
1.309450551757812553e+00
1.310709560546875041e+00
1.302482668457031201e+00
1.300972014160156176e+00
1.307482077636718643e+00
1.304503750000000073e+00
1.302344240722656199e+00
1.302524941406250081e+00
1.299923183593749920e+00
1.299248369140624915e+00
1.305480004882812572e+00
1.295300119628906232e+00
1.297336687011718670e+00
1.295694443359374892e+00
1.295184777832031342e+00
1.310947348632812481e+00
