2.479535722656250218e+00
1.785063427734375097e+00
1.590245908203125058e+00
1.540180285644531244e+00
1.487804108886718657e+00
1.466915148925781232e+00
1.444734313964843642e+00
1.419785717773437428e+00
1.410086169433593772e+00
1.391530727539062484e+00
1.377485288085937398e+00
1.367674199218749997e+00
1.353792639160156241e+00
1.340146328124999897e+00
1.330377075195312564e+00
1.318044675292968648e+00
1.313586279296875103e+00
1.307181057128906199e+00
1.296265200195312550e+00
1.286545190429687402e+00
1.278648005371093799e+00
1.274303139648437444e+00
1.263433535156250009e+00
1.257868662109375091e+00
1.253425354003906200e+00
1.246754165039062556e+00
1.244236154785156145e+00
1.231039727783203030e+00
1.233623574218750019e+00
1.227285019531249910e+00
1.214362612304687561e+00
1.211567832031249958e+00
1.202708916015625018e+00
1.206115585937499901e+00
1.205055885009765682e+00
1.200836424560546956e+00
1.189670257568359313e+00
1.191556271972656234e+00
1.173905505371093838e+00
1.170683389892578141e+00
1.171859807128906139e+00
1.161185689697265655e+00
1.164850262451171847e+00
1.162878813476562412e+00
1.151064672851562554e+00
1.149420959472656323e+00
1.142340764160156175e+00
1.141123446044921774e+00
1.144444324951171765e+00
1.137672233886718676e+00
1.131760374755859333e+00
1.133496667480468734e+00
1.121207253417968674e+00
1.119500660400390535e+00
1.119362846679687440e+00
1.110373289794921892e+00
1.116868406982421957e+00
1.122245534667968725e+00
1.106259683837890639e+00
1.105271735839843839e+00
1.109507678222656279e+00
1.099923829345703208e+00
1.107750461425781152e+00
1.090537209472656199e+00
1.088921284179687587e+00
1.087377415771484390e+00
1.087051856689453144e+00
1.075630582275390656e+00
1.082807187500000046e+00
1.081873804931640537e+00
1.089151843261718655e+00
1.074630452880859455e+00
1.077507528076171894e+00
1.063865546875000012e+00
1.062705371093749962e+00
1.061659719238281285e+00
1.059305062255859298e+00
1.055189483642578141e+00
1.055652326660156293e+00
1.051349252929687506e+00
1.048641990966796778e+00
1.049700450439453148e+00
1.041579536132812400e+00
1.041524128417968820e+00
1.033697539062500059e+00
1.053310765380859326e+00
1.035031123046874946e+00
1.040081247558593658e+00
1.033606788330078130e+00
1.021851068115234407e+00
1.032429548339843794e+00
1.027302701416015651e+00
1.018144506835937602e+00
1.025167407226562410e+00
1.020756414794921962e+00
1.016089332275390555e+00
1.016338746337890564e+00
1.015841798095703075e+00
1.008389312744140565e+00
1.007777176513671824e+00
1.015203468017578103e+00
1.000984174804687488e+00
1.008677430419921972e+00
9.959639929199218811e-01
1.019154189453125081e+00
9.914815136718749811e-01
1.005104553222656349e+00
1.000693414306640605e+00
1.012037552490234305e+00
9.916401269531249785e-01
9.864950268554687485e-01
9.850863659667968841e-01
9.882436254882812632e-01
9.847476989746093423e-01
9.761497155761719169e-01
9.806943261718750193e-01
9.707748779296875297e-01
9.746728991699218358e-01
9.752229907226562799e-01
9.663113049316406356e-01
9.740042675781249715e-01
9.645189233398437922e-01
9.662257653808593583e-01
9.764379528808593278e-01
9.618771874999999527e-01
9.837811926269530716e-01
9.578031628417968957e-01
9.519534472656250301e-01
9.621195593261718804e-01
9.528894726562500139e-01
9.513406054687499891e-01
9.569367065429686958e-01
9.552225366210937985e-01
9.428495959472655841e-01
9.420528564453124476e-01
9.518045947265625362e-01
9.560827319335937213e-01
9.373708740234375503e-01
9.505993640136718437e-01
9.349971936035156306e-01
9.439274475097656492e-01
9.392697619628905814e-01
9.373678662109374837e-01
9.343325476074219038e-01
9.266544628906250303e-01
9.326781213378906310e-01
9.380372180175781116e-01
9.276284375000000137e-01
9.301744274902343790e-01
9.206673913574219270e-01
9.295502331542968566e-01
9.206120507812499687e-01
9.217510461425780788e-01
9.197261132812499795e-01
9.504399365234375008e-01
9.137260009765625357e-01
9.309210314941406272e-01
9.175440612792968853e-01
9.152888977050781527e-01
9.121341296386719089e-01
9.113417651367187178e-01
9.079730895996094286e-01
9.261068774414062954e-01
9.085529418945312852e-01
9.063658715820313017e-01
9.042682177734374660e-01
9.105912841796874879e-01
8.988226110839844241e-01
8.968886816406249629e-01
8.975627124023437542e-01
9.181766137695313024e-01
8.998390637207031029e-01
9.008192333984375022e-01
8.984782934570312296e-01
9.092354394531250161e-01
9.003251831054687182e-01
9.083071350097656760e-01
9.016907983398437798e-01
8.943630981445312988e-01
8.930858886718749945e-01
8.910808264160156034e-01
8.889653015136719238e-01
8.881796752929687067e-01
8.959764721679687183e-01
8.865723645019530919e-01
8.820763378906250063e-01
8.894847204589844125e-01
8.818363037109374636e-01
8.844375659179687377e-01
8.745836108398437059e-01
8.871376989746093678e-01
8.739666003417968509e-01
8.743346313476562104e-01
8.783374841308593250e-01
8.785538464355469035e-01
8.843842016601562994e-01
8.791487280273437843e-01
8.737975695800781484e-01
8.790476953125000437e-01
8.703575830078125186e-01
8.618406042480468709e-01
8.648565454101562189e-01
8.794654919433593232e-01
8.681398474121093667e-01
8.608209997558593507e-01
8.637009692382812132e-01
8.602727819824218525e-01
8.596977392578124544e-01
8.575395739746093371e-01
8.544205541992186959e-01
8.597047021484375273e-01
8.584770959472656227e-01
8.636693444824218302e-01
8.503484704589844290e-01
8.644847436523437345e-01
8.479057177734374839e-01
8.479999780273437260e-01
8.445772375488280748e-01
8.530961425781250496e-01
8.607773669433593788e-01
8.590444360351562336e-01
8.440106591796875390e-01
8.585659399414062865e-01
8.524771276855468427e-01
8.395170056152343463e-01
8.388522790527344064e-01
8.471996191406250265e-01
8.529984411621093221e-01
8.450711401367188014e-01
8.440824731445312201e-01
8.428025988769530796e-01
8.444984106445312388e-01
8.470222497558593799e-01
8.377553540039062163e-01
8.419599389648437793e-01
8.298723059082031561e-01
8.297434252929687393e-01
8.434674011230468560e-01
8.338441906738280895e-01
8.394377441406249973e-01
8.400241418457031761e-01
8.461177368164062296e-01
8.358351013183593636e-01
8.321667016601562716e-01
8.402045227050781717e-01
8.382425061035155833e-01
8.271906958007811950e-01
8.225816418457031487e-01
8.285978942871093933e-01
8.387613549804687763e-01
8.222584423828125377e-01
8.216652819824218357e-01
8.350495397949219134e-01
8.271384118652344020e-01
8.191456433105468449e-01
8.194626831054687699e-01
8.225335803222656450e-01
8.181139318847656661e-01
8.293725927734374448e-01
8.145005712890625027e-01
8.206739978027344229e-01
8.212634716796874956e-01
8.101725488281249499e-01
8.211044665527343911e-01
8.100944055175781644e-01
8.222958264160156183e-01
8.172794433593749686e-01
8.071111962890624714e-01
8.216214135742186953e-01
8.122436999511718492e-01
8.092120971679687136e-01
8.174876098632812838e-01
8.105570739746094100e-01
8.121995788574218889e-01
8.072435681152343445e-01
8.044706933593750442e-01
8.096398022460937760e-01
8.064127990722655959e-01
8.254377832031249973e-01
8.145368884277344179e-01
7.984091357421875257e-01
8.125904333496093424e-01
7.960628356933593386e-01
8.042373571777343688e-01
8.161115490722655741e-01
8.017396215820312699e-01
7.951700146484375065e-01
7.963515649414062425e-01
8.065566491699218687e-01
7.942624194335937693e-01
8.113709289550781190e-01
8.094482800292969182e-01
8.038286096191405994e-01
8.023134252929687849e-01
7.978908117675781453e-01
7.927868664550781208e-01
7.964143237304687206e-01
7.958708276367187917e-01
7.912119091796875336e-01
7.882107434082030739e-01
7.962809509277343212e-01
