2.422518508300781193e+00
2.313015715332031430e+00
2.298256323242187538e+00
2.280635517578124993e+00
2.203887302246093860e+00
2.147542255859375082e+00
2.083435292968749852e+00
2.021522800292968824e+00
1.977630546874999951e+00
1.941413681640625111e+00
1.904107248535156227e+00
1.871178901367187564e+00
1.844212109374999908e+00
1.814913784179687406e+00
1.794271196289062509e+00
1.767703559570312555e+00
1.748695607910156324e+00
1.732707182617187591e+00
1.714181291503906301e+00
1.704685075683593842e+00
1.676072727050781142e+00
1.665124072265625088e+00
1.647671062011718757e+00
1.641320134277343801e+00
1.630107863769531207e+00
1.630496672363281219e+00
1.615574580078124933e+00
1.607539050292968730e+00
1.601826889648437557e+00
1.606323200683593688e+00
1.587940932617187606e+00
1.585639890136718799e+00
1.578193195800781323e+00
1.572467802734375031e+00
1.566547443847656318e+00
1.564940104980468760e+00
1.556418493652343749e+00
1.554094421386718716e+00
1.548017727050781334e+00
1.556198764648437427e+00
1.545504565429687505e+00
1.539536049804687501e+00
1.533382854003906282e+00
1.527040283203124904e+00
1.527499299316406267e+00
1.530452421874999969e+00
1.520751384277343687e+00
1.518866162109375084e+00
1.512567624511718778e+00
1.516893278808593815e+00
1.504851711425781335e+00
1.509025310058593750e+00
1.506442275390625030e+00
1.498927416992187567e+00
1.493743044433593736e+00
1.488280859375000098e+00
1.496407155761718677e+00
1.484965290527343829e+00
1.485730788574218808e+00
1.481970546874999961e+00
1.481765935058593664e+00
1.474083083496093849e+00
1.476288547363281189e+00
1.471271289062499932e+00
1.469552287597656326e+00
1.464681921386718821e+00
1.463400659179687535e+00
1.463217338867187411e+00
1.464909780273437434e+00
1.457383647460937404e+00
1.451457221679687493e+00
1.452983205566406255e+00
1.450929428710937552e+00
1.443974099121093646e+00
1.443178806152343840e+00
1.445887731933593656e+00
1.448728232421875095e+00
1.444377326660156280e+00
1.437846137695312443e+00
1.439931166992187483e+00
1.435367529296875055e+00
1.438346110839843650e+00
1.426287014160156241e+00
1.440110585937500076e+00
1.434098437500000101e+00
1.425105747070312567e+00
1.421912888183593848e+00
1.417735844726562444e+00
1.418139953613281268e+00
1.416516564941406209e+00
1.424530351562500075e+00
1.411078779296875085e+00
1.416032636718749904e+00
1.412680844726562412e+00
1.412981062011718691e+00
1.407376711425781357e+00
1.410004477539062551e+00
1.407880676269531284e+00
1.400141035156249991e+00
1.401354291992187528e+00
1.402619697265625076e+00
1.398120395507812530e+00
1.394804907226562474e+00
1.398059311523437431e+00
1.394193308105468709e+00
1.390649638671874966e+00
1.390452050781249893e+00
1.387597961425781179e+00
1.386999572753906174e+00
1.391138444824218778e+00
1.383968425292968707e+00
1.381718452148437581e+00
1.379171818847656272e+00
1.381919260253906323e+00
1.380613530273437473e+00
1.376300244140624907e+00
1.384163981933593801e+00
1.383661242675781278e+00
1.376585280761718710e+00
1.375391342773437442e+00
1.372039355468749999e+00
1.378171450195312397e+00
1.376455925292968674e+00
1.373246628417968740e+00
1.366889941406250086e+00
1.367621381835937511e+00
1.367499379882812560e+00
1.367222834472656245e+00
1.366833576660156258e+00
1.376785273437499901e+00
1.363669956054687438e+00
1.358299797363281325e+00
1.357384321289062390e+00
1.357048999023437563e+00
1.367046635742187544e+00
1.363723647460937549e+00
1.355006533203124919e+00
1.366761367187500076e+00
1.358610883789062473e+00
1.354440439453125089e+00
1.350252189941406167e+00
1.360662346191406247e+00
1.358463164062500006e+00
1.351900454101562454e+00
1.349800168457031324e+00
1.344967351074218831e+00
1.349408415527343807e+00
1.346871408691406202e+00
1.343776201171875018e+00
1.340030590820312506e+00
1.337481826171875054e+00
