2.392358378906250138e+00
1.857969377441406333e+00
1.648678947753906332e+00
1.558116181640625042e+00
1.497013627929687507e+00
1.447450612792968716e+00
1.420417780761718651e+00
1.390167287597656287e+00
1.351701198730468789e+00
1.318617895507812499e+00
1.300871301269531211e+00
1.280047712402343718e+00
1.259718291015625047e+00
1.251200869140624894e+00
1.237569140625000008e+00
1.211910233154296801e+00
1.219216831054687589e+00
1.174340721435546797e+00
1.168840214843750003e+00
1.169316474609374934e+00
1.154655622558593775e+00
1.158852427978515731e+00
1.132793666992187420e+00
1.116335773925781316e+00
1.107922764892578016e+00
1.107488022460937582e+00
1.084810538330078122e+00
1.117545087890625011e+00
1.094684343261718817e+00
1.099667799072265639e+00
1.055199340820312415e+00
1.058384296874999908e+00
1.051835754394531142e+00
1.033794443359375093e+00
1.030907569580078231e+00
1.027377386474609411e+00
1.016177181396484386e+00
1.012613193359374941e+00
1.007626914062500045e+00
1.000330893554687517e+00
9.982272448730469261e-01
9.955573889160156398e-01
9.839107409667968707e-01
9.626011694335937507e-01
9.889221447753906435e-01
9.627822680664062105e-01
9.679306176757812574e-01
9.510609033203124563e-01
9.508428002929687484e-01
9.403907092285156422e-01
9.376789599609375303e-01
9.325694360351562961e-01
9.286342810058594299e-01
9.182875561523436980e-01
9.217344909667968267e-01
9.012480065917968242e-01
9.081614147949218507e-01
9.224590161132812938e-01
9.145330944824219266e-01
8.780148034667968338e-01
8.883552600097656127e-01
8.805950195312499673e-01
9.147389135742187705e-01
8.872154858398437760e-01
8.584202185058593670e-01
8.650222863769531090e-01
8.752578894042968294e-01
8.720164355468750239e-01
8.409366955566406343e-01
8.472264550781249959e-01
8.434816625976562232e-01
8.422515893554687327e-01
8.191283447265624851e-01
8.191099133300780988e-01
8.232130688476562153e-01
8.130682531738281371e-01
8.176559130859375468e-01
8.118486914062500448e-01
8.180350122070312313e-01
8.107922143554687766e-01
7.990248596191406039e-01
7.934724182128906067e-01
7.848914965820312784e-01
8.037227185058594126e-01
8.171573779296874562e-01
8.200722180175781251e-01
7.724947399902343248e-01
8.112984399414062686e-01
7.639509338378905889e-01
7.644763085937500424e-01
7.738577770996093452e-01
7.536285339355468516e-01
7.448589709472656084e-01
7.631341833496093630e-01
7.429170397949218518e-01
7.578844519042968741e-01
7.388193981933594001e-01
7.257380627441406551e-01
7.426771862792969081e-01
7.141091577148437342e-01
7.297370043945312634e-01
7.420655236816405820e-01
7.259967468261718793e-01
7.274421752929687290e-01
7.026812756347656785e-01
7.259226074218749769e-01
7.317714672851562963e-01
6.971280859374999750e-01
6.925951892089843298e-01
6.902828710937499723e-01
6.988763244628906079e-01
6.872266638183593956e-01
6.871729199218750139e-01
6.739093627929687580e-01
7.139514904785155824e-01
6.979460046386718464e-01
6.766961364746093555e-01
6.689316687011718221e-01
6.953924230957031494e-01
6.855886413574219240e-01
6.572474670410156650e-01
6.571720312500000105e-01
6.531448498535156189e-01
6.677062841796874704e-01
6.867334008789062194e-01
6.635468469238281486e-01
6.488775598144531642e-01
6.524593957519531084e-01
6.484403942871094229e-01
6.501740002441406263e-01
6.393583990478515222e-01
6.414620080566406646e-01
6.479849853515624591e-01
6.383537402343749667e-01
6.412889501953125126e-01
6.315979443359375223e-01
6.788250903320312002e-01
6.141727526855468300e-01
6.125449938964844243e-01
6.325072583007812499e-01
6.137237634277343812e-01
6.076980688476562031e-01
6.207899902343749776e-01
6.152472644042968897e-01
6.143845751953125323e-01
6.312818811035155742e-01
6.021696289062500318e-01
5.983281018066406443e-01
5.933819512939453311e-01
5.780074725341797226e-01
5.781223193359374957e-01
5.782598132324219264e-01
5.778569586181641071e-01
6.032571905517578603e-01
5.856324633789062872e-01
5.833954370117186983e-01
5.827763720703125205e-01
5.862296722412109196e-01
5.934034521484374824e-01
5.651971795654296971e-01
5.759333221435546379e-01
5.730161163330078633e-01
5.814526953124999897e-01
5.467534442138671791e-01
5.412878607177734613e-01
5.541185162353515770e-01
5.581958111572266068e-01
5.376158862304687425e-01
5.569621209716797416e-01
5.635017254638672313e-01
5.791132910156250313e-01
5.558962121582031735e-01
5.306598138427733868e-01
5.652176062011718960e-01
5.342225994873046613e-01
5.345755639648437363e-01
5.541706823730468967e-01
5.250783929443358922e-01
5.395036743164062232e-01
5.242786676025390502e-01
5.149157696533203099e-01
5.276920782470703175e-01
5.191999334716796977e-01
5.153594696044921930e-01
5.307219952392577822e-01
5.065489172363281112e-01
5.125887658691405946e-01
5.314763458251953177e-01
5.059999072265625175e-01
5.087579113769531425e-01
5.266673779296875413e-01
5.103424450683593516e-01
4.984839776611328377e-01
4.866589123535156047e-01
4.974320971679687675e-01
4.892148999023437361e-01
4.949260821533202903e-01
4.883688189697265591e-01
5.244904559326172278e-01
4.737831964111328120e-01
4.965275463867187544e-01
4.860830749511718674e-01
4.877795568847656527e-01
4.990360882568359302e-01
4.978073455810546610e-01
4.653647601318359195e-01
4.675468481445312352e-01
4.672871826171874909e-01
4.790539636230468634e-01
4.880322485351562545e-01
4.884022894287109451e-01
4.519563928222656291e-01
4.600494262695312697e-01
4.639022583007812450e-01
4.619298620605468697e-01
4.617777343750000263e-01
4.544165045166015382e-01
4.527303625488281469e-01
4.506015600585937531e-01
4.753580670166015487e-01
4.421728582763672089e-01
4.780664282226562700e-01
4.514338525390624857e-01
4.586563281250000124e-01
4.510538122558593876e-01
4.875587255859374913e-01
4.387575518798828011e-01
4.419603015136718827e-01
4.482529925537109272e-01
4.573610211181640683e-01
4.216111474609374743e-01
4.347530273437499870e-01
4.448912292480468600e-01
4.456199951171874729e-01
4.429814215087890528e-01
4.372528411865234110e-01
4.135247961425781438e-01
4.616646984863281289e-01
4.123687207031250246e-01
4.101243151855468727e-01
4.200329534912109475e-01
4.162259289550781505e-01
4.440010632324218887e-01
4.170476000976562347e-01
4.254582360839843647e-01
4.098940777587890549e-01
4.088363574218750185e-01
4.108368353271484308e-01
3.913027362060547132e-01
4.078030737304687570e-01
3.961225219726562385e-01
4.102511273193359398e-01
4.088359301757812370e-01
3.868944696044921971e-01
4.077652630615234419e-01
3.880359362792968891e-01
4.049166015624999782e-01
3.780488903808593704e-01
4.042615069580078324e-01
3.933920556640624899e-01
3.842617242431640712e-01
3.906690106201171631e-01
3.888248187255859412e-01
3.956532458496093696e-01
3.910032476806640789e-01
3.870048150634765594e-01
3.815000610351562682e-01
3.853551971435547063e-01
3.711676019287109551e-01
3.853591589355468972e-01
3.887681451416015732e-01
4.090311322021484286e-01
3.723666198730468668e-01
3.702009234619140776e-01
3.684015380859375077e-01
3.962820043945312620e-01
3.640878576660156463e-01
4.125427636718749791e-01
3.571142211914062337e-01
3.791571618652343489e-01
4.130424841308593664e-01
3.727213476562499794e-01
3.512812670898437517e-01
3.825815008544921625e-01
3.736848480224609359e-01
3.444515240478515650e-01
3.591711212158202882e-01
3.571295617675781520e-01
3.589973382568359406e-01
3.462517248535156300e-01
3.394504754638671962e-01
3.734825579833984111e-01
3.771732183837890884e-01
3.618218835449218962e-01
3.392008489990234188e-01
3.455112499999999920e-01
3.663353247070312291e-01
3.534760858154296637e-01
3.276568316650390611e-01
3.419443786621093606e-01
3.196633135986328145e-01
