2.548799653320312331e+00
2.279275874023437343e+00
2.174771564941406332e+00
2.052250095214843917e+00
2.012134819335937408e+00
1.981922175292968769e+00
1.951233608398437402e+00
1.918496379394531326e+00
1.883602053222656281e+00
1.834817409667968802e+00
1.785697075195312511e+00
1.736152751464843824e+00
1.692408801269531304e+00
1.658326865234375003e+00
1.638245983886718715e+00
1.614073266601562473e+00
1.597206181640624889e+00
1.581503769531249937e+00
1.565782529296875003e+00
1.549453002929687573e+00
1.538430395507812465e+00
1.525322438964843652e+00
1.513639187011718734e+00
1.508581284179687509e+00
1.497692521972656232e+00
1.487384882812500031e+00
1.485511667480468700e+00
1.479655747070312444e+00
1.465084924316406356e+00
1.461838271484374951e+00
1.454054257812499973e+00
1.446228452148437427e+00
1.442519611816406311e+00
1.441014353027343819e+00
1.430256721191406344e+00
1.425719309082031261e+00
1.420398183593750030e+00
1.414031560058593762e+00
1.417627810058593729e+00
1.413457504882812410e+00
1.408542016601562530e+00
1.400773176269531239e+00
1.393228291015625064e+00
1.390387309570312535e+00
1.387133647460937480e+00
1.386372453613281319e+00
1.378962019042968778e+00
1.373918137207031265e+00
1.379042985839843860e+00
1.373066000976562506e+00
1.374108891601562465e+00
1.364148139648437397e+00
1.362817099609374916e+00
1.359475671386718654e+00
1.355449575195312395e+00
1.349957702636718659e+00
1.352357878417968839e+00
1.346953369140625023e+00
1.354148002929687511e+00
1.351359218750000091e+00
1.341676779785156315e+00
1.334755593261718776e+00
1.337381582031250016e+00
1.334467092285156253e+00
1.332791093750000044e+00
1.328817343749999935e+00
1.327484755859374976e+00
1.346278193359375042e+00
1.326837475585937565e+00
1.320523444824218684e+00
1.322748898925781180e+00
1.317753254394531170e+00
1.314308105468749988e+00
1.314938149414062396e+00
1.313441518554687493e+00
1.309007685546875077e+00
1.310670344238281215e+00
1.309349421386718726e+00
1.307720583496093658e+00
1.303031306152343749e+00
1.307650056152343643e+00
1.308855869140624906e+00
1.300657192382812521e+00
1.296461467285156210e+00
1.297869436035156143e+00
1.298654191894531351e+00
1.296295913085937501e+00
1.289540639648437459e+00
1.291278752441406219e+00
1.289958593749999993e+00
1.293568442382812433e+00
1.283780913085937447e+00
1.291151101074218710e+00
1.282116628417968807e+00
1.277396569824218675e+00
1.280225988769531309e+00
1.281437487792968843e+00
1.272385180664062476e+00
1.272633488769531196e+00
1.279441125488281150e+00
1.276001442871093738e+00
1.277479206542968759e+00
1.266924797363281341e+00
1.267033747558593770e+00
1.271200551757812436e+00
1.268596328124999895e+00
1.270430571289062449e+00
1.267503403320312527e+00
1.265956723632812420e+00
1.264231938476562567e+00
1.258299741210937572e+00
1.260312026367187421e+00
1.254828818359374987e+00
1.257410603027343754e+00
1.260868239746093744e+00
1.251788840332031194e+00
1.253361823730468672e+00
1.250586328125000035e+00
1.248516384277343683e+00
1.247455747070312482e+00
1.251289074707031324e+00
1.253832832031249955e+00
1.244608017578124892e+00
1.245587365722656159e+00
1.245867456054687405e+00
1.247732819824218797e+00
1.244349841308593829e+00
1.241205411376953061e+00
1.239843276367187608e+00
1.246168325195312399e+00
1.240643928222656234e+00
1.235845456542968845e+00
1.232212351074218670e+00
1.233697497558593703e+00
1.233148920898437417e+00
1.230394726562499930e+00
1.237152806396484284e+00
1.234244843749999987e+00
1.233137332763671878e+00
1.231057075195312489e+00
1.227113487548828097e+00
1.223132067871093742e+00
1.230421860351562424e+00
1.224288798828125024e+00
1.229524279785156216e+00
1.223044809570312585e+00
1.228009353027343709e+00
1.219777976074218673e+00
1.223004982910156357e+00
1.225250607910156164e+00
1.222235087890624960e+00
