2.507785610351562333e+00
2.144076840820312579e+00
1.916158220214843722e+00
1.780306137695312430e+00
1.694984011230468823e+00
1.641104741210937412e+00
1.599489343261718766e+00
1.573706928710937536e+00
1.552696230468749938e+00
1.536419802246093758e+00
1.525470798339843670e+00
1.517106247558593690e+00
1.512123793945312489e+00
1.497208894042968641e+00
1.488136042480468824e+00
1.480142026367187391e+00
1.475258361816406349e+00
1.472686064453124999e+00
1.466346979980468701e+00
1.457796420898437528e+00
1.454444916992187586e+00
1.445898339843749936e+00
1.443498864746093791e+00
1.437203124999999915e+00
1.434580800781249943e+00
1.436275021972656329e+00
1.422548891601562504e+00
1.425256171875000089e+00
1.415265422363281234e+00
1.413974814453125006e+00
1.416848286132812440e+00
1.407379895019531313e+00
1.407133122558593685e+00
1.405961328125000076e+00
1.395305158691406255e+00
1.394031118164062555e+00
1.389779291992187416e+00
1.392263918457031346e+00
1.384949729003906338e+00
1.382707802734375102e+00
1.378304245605468825e+00
1.375311655273437461e+00
1.371824699707031359e+00
1.368714802246093765e+00
1.367936860351562478e+00
1.362789174804687420e+00
1.358943500976562468e+00
1.360679584960937438e+00
1.354470119628906177e+00
1.350814086914062573e+00
1.351531628417968811e+00
1.346474467773437489e+00
1.343817419433593674e+00
1.340772536621093858e+00
1.343391262207031200e+00
1.337209211425781197e+00
1.335120737304687610e+00
1.339167026367187541e+00
1.327153486328124909e+00
1.329215991210937586e+00
1.327532026367187479e+00
1.324720239257812571e+00
1.318959096679687581e+00
1.315489985351562474e+00
1.314301828613281264e+00
1.313051142578125052e+00
1.312240742187499976e+00
1.314636994628906264e+00
1.305156420898437419e+00
1.302859387207031316e+00
1.303454543457031267e+00
1.298166213378906253e+00
1.298307626953125071e+00
1.298709179687500104e+00
1.294427092285156178e+00
1.295061540527343791e+00
1.292210043945312581e+00
1.288086616210937452e+00
1.285117539062500036e+00
1.287597385253906213e+00
1.280429812011718793e+00
1.283444096679687396e+00
1.281678620605468666e+00
1.278847792968750063e+00
1.275324963378906329e+00
1.277692841796874923e+00
1.274363054199218803e+00
1.268208198242187557e+00
1.270346071777343822e+00
1.270327224121093668e+00
1.268564353027343827e+00
1.261419821777343797e+00
1.260556606445312422e+00
1.262002441406250064e+00
1.266246054687500067e+00
1.260392673339843839e+00
1.267402985839843677e+00
1.258678144531250043e+00
1.255777587890624991e+00
1.259665886230468823e+00
1.251546955566406272e+00
1.252530056152343807e+00
1.248433674316406172e+00
1.250931010742187599e+00
1.255691206054687425e+00
1.251670891113281225e+00
1.246660671386718766e+00
1.259698793945312589e+00
1.245338322753906324e+00
1.239777083740234431e+00
1.242100507812500032e+00
1.242390871582031320e+00
1.240152116699218654e+00
1.242242529296875064e+00
1.239182792968750002e+00
1.239030144042968740e+00
1.233741369628906348e+00
1.234490800781250064e+00
1.234681791992187527e+00
1.233649787597656200e+00
1.231425375976562542e+00
1.232015434570312484e+00
1.231351835937499972e+00
1.227573889160156195e+00
1.223426223144531200e+00
1.226180747070312549e+00
1.236054433593750002e+00
1.227458486328125042e+00
1.225729289550781198e+00
1.222893461914062563e+00
1.218527286376953178e+00
1.220737834472656269e+00
1.225381657714843753e+00
1.226176340332031156e+00
1.218935463867187430e+00
1.222767197265625105e+00
1.222073519287109278e+00
1.215621469726562598e+00
1.219343610839843661e+00
1.215519606933593844e+00
1.215220190429687541e+00
1.212977026367187516e+00
1.217023728027343710e+00
1.210553430175781209e+00
1.208764755859375040e+00
1.207412321777343811e+00
1.212714987792968824e+00
1.206366990966796893e+00
1.208612519531250040e+00
1.206493415527343682e+00
1.212623161621093848e+00
