2.526641118164062672e+00
2.289880290527343654e+00
2.266500371093750132e+00
2.206619260253906312e+00
2.117835251464843971e+00
2.041604855957031450e+00
2.002197756347656288e+00
1.970771320800781323e+00
1.940957202148437588e+00
1.911002778320312512e+00
1.869953398437500081e+00
1.825063220214843795e+00
1.786659931640625087e+00
1.741119968261718665e+00
1.701911020507812511e+00
1.669384826660156307e+00
1.636922651367187509e+00
1.616284987792968808e+00
1.597916535644531288e+00
1.576245920410156209e+00
1.567687639160156188e+00
1.565027370605468704e+00
1.547773608398437473e+00
1.539069987792968774e+00
1.531812028808593684e+00
1.526637492675781305e+00
1.523195268554687454e+00
1.526655446777343661e+00
1.511371018066406169e+00
1.502079472656250081e+00
1.494561821289062564e+00
1.493977529296875106e+00
1.490873063964843759e+00
1.488414697265624920e+00
1.478655861816406292e+00
1.479049462890625000e+00
1.470516540527343707e+00
1.466903613281250074e+00
1.469456347656250106e+00
1.462342241210937477e+00
1.455948754882812501e+00
1.455140646972656215e+00
1.447984035644531264e+00
1.444615654296875107e+00
1.442307878417968814e+00
1.438892646484374982e+00
1.435378808593750000e+00
1.433030727539062577e+00
1.431264265136718672e+00
1.427162893066406202e+00
1.429324887695312407e+00
1.427874116210937405e+00
1.415914826660156223e+00
1.413718137207031322e+00
1.413902558593749914e+00
1.410826816406250073e+00
1.408599799804687525e+00
1.403749704589843716e+00
1.401108515625000051e+00
1.394379506835937477e+00
1.397869174804687420e+00
1.394754157714843679e+00
1.396401542968749965e+00
1.391795571289062394e+00
1.385945163574218819e+00
1.388632988281250036e+00
1.386432155761718743e+00
1.386395764160156308e+00
1.379270239257812447e+00
1.374556711425781286e+00
1.381109699707031346e+00
1.376360122070312553e+00
1.372417473144531330e+00
1.369613894042968738e+00
1.363555129394531162e+00
1.367279833984375026e+00
1.364166464843749926e+00
1.361874724121093783e+00
1.361005983886718784e+00
1.353442233886718693e+00
1.355261918945312560e+00
1.352275507812499944e+00
1.350375288085937431e+00
1.347408952636718782e+00
1.353107041015624956e+00
1.352867587890624890e+00
1.345445385742187527e+00
1.339105336914062416e+00
1.351945493164062428e+00
1.340417773437500015e+00
1.342666682128906164e+00
1.341388886718750006e+00
1.335383144531250066e+00
1.342220949707031208e+00
1.331902363281249890e+00
1.329569912109374918e+00
1.329040190429687573e+00
1.327060344238281342e+00
1.328255227050781251e+00
1.326021604003906340e+00
1.321578376464843663e+00
1.322076308593749916e+00
1.326104201660156301e+00
1.319860866699218649e+00
1.320017260742187393e+00
1.315514357910156251e+00
1.321086599121093830e+00
1.317379304199218781e+00
1.317019514160156168e+00
1.318077792968749939e+00
1.314651379394531361e+00
1.309028625488281250e+00
1.307303669433593774e+00
1.307570651855468835e+00
1.300558342285156321e+00
1.303022502441406161e+00
1.305107336425781250e+00
1.299341228027343753e+00
1.300706274414062502e+00
1.301370817871093655e+00
1.301392648925781215e+00
1.295747319335937453e+00
1.292518393554687561e+00
1.290217446289062542e+00
1.297945856933593767e+00
1.291947080078124976e+00
1.293215153808593643e+00
1.292837512207031248e+00
1.290167424316406297e+00
1.285289541015625092e+00
1.284096560058593850e+00
1.283781530761718859e+00
1.286152617187499958e+00
1.286308444824218800e+00
1.283037172851562602e+00
1.285591235351562389e+00
1.281470700683593700e+00
1.284451552734374946e+00
1.289084467773437437e+00
1.277645664062500019e+00
1.277265881347656284e+00
1.280935461425781297e+00
1.274136040039062445e+00
1.280118469238281209e+00
1.273420441894531185e+00
1.272732387695312495e+00
1.281299248046875006e+00
1.269588999023437470e+00
1.268108447265624994e+00
1.271898581542968643e+00
1.268921684570312403e+00
1.269922248535156228e+00
1.269388195800781327e+00
1.268253198242187407e+00
1.262235363769531160e+00
1.263914892578124949e+00
1.262983540039062547e+00
1.268607797851562413e+00
1.259334506835937395e+00
1.276196198730468856e+00
1.267197788085937527e+00
1.259484453125000014e+00
1.256588588867187495e+00
1.258750786132812438e+00
1.258432587890625065e+00
1.256066218261718825e+00
1.262275324707031299e+00
1.252266865234374915e+00
1.258742639160156163e+00
1.257302999267578159e+00
1.260350937499999935e+00
1.252697226562500044e+00
1.251685729980468675e+00
1.250387280273437485e+00
1.251391196289062480e+00
1.250956083984374967e+00
1.248508107910156317e+00
1.249604648437500076e+00
1.248606589355468754e+00
1.250701232910156335e+00
1.251345803222656317e+00
1.243697153320312498e+00
1.242994252929687571e+00
1.245737971191406279e+00
1.254922670898437564e+00
1.244001357421874898e+00
1.243067978515624894e+00
1.240233571777343835e+00
1.246594257812499995e+00
1.237754465332031151e+00
1.245824438476562435e+00
1.236946281738281250e+00
1.237784558105468724e+00
1.237889252929687434e+00
1.239372331542968775e+00
1.233884641113281333e+00
1.237643151855468693e+00
1.235468474121093729e+00
1.232356616210937394e+00
1.230629123535156300e+00
1.233948322753906313e+00
1.231920095214843691e+00
1.230161884765625047e+00
1.227866816406250061e+00
1.235499477539062418e+00
1.227533218994140585e+00
1.232469667968749905e+00
1.239097023925781249e+00
1.230106870117187556e+00
1.224748531494140646e+00
1.235844055175781220e+00
1.223031635742187540e+00
1.222420073242187488e+00
1.226791794433593763e+00
1.227823455810546971e+00
1.229726711425781271e+00
1.229050915527343690e+00
1.227193469238281320e+00
1.225749470214843706e+00
1.232238010253906335e+00
1.221501567382812459e+00
1.220482023925781201e+00
1.231789211425781350e+00
1.219900480957031297e+00
1.223663159179687598e+00
1.225824841308593705e+00
1.217952478027343854e+00
1.214916018066406256e+00
1.217079685058593652e+00
1.218399670410156288e+00
1.216372843017578198e+00
1.226219833984375063e+00
1.217403081054687419e+00
1.213113577880859273e+00
1.216391789550781199e+00
1.219976724853515604e+00
1.216426372070312567e+00
1.214826225585937447e+00
1.214435433349609461e+00
1.211406901855468732e+00
1.219184716796875012e+00
1.219502722167968845e+00
1.213483415527343734e+00
1.211873571777343672e+00
1.209120093994140666e+00
1.210069978027343840e+00
1.209420070800781177e+00
1.211732539062500003e+00
1.212657988281250043e+00
1.216677578125000103e+00
1.218231042480468762e+00
1.205071909179687539e+00
1.206574223632812526e+00
1.217532377929687604e+00
1.208999692382812574e+00
1.210198350830078207e+00
1.207833900146484396e+00
1.213578461914062601e+00
1.210254193115234411e+00
1.206082136230468782e+00
1.204565593261718748e+00
1.205419316406250108e+00
1.203655288085937469e+00
1.203374428710937583e+00
1.201429252929687497e+00
1.204014306640625032e+00
1.199886013183593780e+00
1.203075195312500068e+00
1.198707189941406348e+00
1.198748176269531340e+00
1.202023376464843807e+00
1.211475385742187605e+00
1.194667888183593707e+00
1.199303087158203107e+00
1.202899693603515674e+00
1.195558664550781192e+00
1.195494958496093663e+00
1.198056286621093758e+00
1.197029637451171968e+00
1.194657523193359383e+00
1.197635042724609411e+00
1.203077751464843859e+00
1.192011040039062442e+00
1.202678708496093707e+00
1.198377548828124972e+00
1.196511654052734297e+00
1.191745467529296887e+00
1.195668664550781246e+00
1.189207492675781186e+00
1.195940972900390697e+00
1.193349804687499960e+00
1.193251540527343835e+00
1.192335830078125047e+00
1.188909492187500083e+00
1.192430557861328122e+00
1.194240008544921849e+00
1.197072438964843721e+00
1.189447751464843828e+00
1.189678818359374946e+00
1.199741545410156318e+00
1.188347700195312440e+00
