2.380033061523437521e+00
2.286813916015625114e+00
2.228512551269531183e+00
2.060802182617187395e+00
2.001919372558593757e+00
1.972280092773437410e+00
1.937023254394531158e+00
1.899700703124999945e+00
1.865865395507812607e+00
1.842459821777343798e+00
1.810058559570312475e+00
1.786646027832031303e+00
1.763597690429687503e+00
1.745554265136718852e+00
1.726152700195312528e+00
1.701896057128906348e+00
1.684036784667968689e+00
1.673343464355468768e+00
1.653787844238281179e+00
1.633835844726562403e+00
1.620966977539062492e+00
1.618068371582031206e+00
1.599327358398437537e+00
1.589453986816406150e+00
1.579612746582031324e+00
1.570083532714843688e+00
1.565486638183593682e+00
1.562269370117187473e+00
1.545625502929687478e+00
1.540421750488281338e+00
1.533572016601562504e+00
1.526931850585937500e+00
1.528436247558593752e+00
1.518729291992187536e+00
1.508655217285156169e+00
1.511560156250000064e+00
1.500926132812500091e+00
1.502489440917968766e+00
1.491413544921875056e+00
1.487607341308593734e+00
1.486919167480468706e+00
1.487612990722656292e+00
1.472058754882812570e+00
1.471865659179687480e+00
1.464001726074218857e+00
1.470543298339843652e+00
1.459182702636718787e+00
1.449440820312499989e+00
1.447234863281249950e+00
1.448102014160156159e+00
1.441755119628906234e+00
1.444328457031250013e+00
1.434349091796875086e+00
1.430484829101562605e+00
1.427971408691406152e+00
1.424753742675781254e+00
1.422799641113281277e+00
1.420935466308593798e+00
1.422060278320312454e+00
1.416071564941406180e+00
1.414452583007812514e+00
1.412264589843750029e+00
1.415411496582031248e+00
1.406825019531249943e+00
1.410178693847656151e+00
1.404203662109374973e+00
1.407511328125000016e+00
1.397109116210937474e+00
1.396551748046874986e+00
1.391888120117187544e+00
1.392011914062500022e+00
1.391788085937500030e+00
1.390725673828125064e+00
1.383776872558593718e+00
1.387252573242187426e+00
1.383892836914062396e+00
1.386521887207031289e+00
1.380527561035156170e+00
1.382024919433593846e+00
1.376145666503906240e+00
1.381374916992187396e+00
1.371357629394531319e+00
1.368855041503906245e+00
1.370463278808593754e+00
1.365302885742187611e+00
1.371152160644531159e+00
1.368210427246093763e+00
1.365124826660156332e+00
1.363421762695312456e+00
1.362104465332031333e+00
1.367198134765625017e+00
1.353822797851562454e+00
1.353145209960937567e+00
1.357437504882812451e+00
1.359752839355468756e+00
1.348536508789062394e+00
1.349160595703124965e+00
1.347136472167968835e+00
1.344693503417968783e+00
1.344094272460937489e+00
1.340194538574218663e+00
1.341440861816406205e+00
1.340964404296874912e+00
1.340853535156250054e+00
1.342612941894531176e+00
1.338370937499999913e+00
1.338252338867187419e+00
1.332720981445312480e+00
1.329410346679687605e+00
1.336225583496093661e+00
1.327972128906250049e+00
1.327915480957031269e+00
1.326895996093750085e+00
1.330786853027343675e+00
1.324748320312499894e+00
1.325161389160156356e+00
1.323549973144531267e+00
1.322305053710937539e+00
1.317747656249999899e+00
1.322578190917968799e+00
1.326619921875000108e+00
1.318348559570312606e+00
1.322721047363281333e+00
1.312704106445312435e+00
1.328110034179687426e+00
1.309920529785156162e+00
1.317544992675781179e+00
1.308267145996093728e+00
1.310155419921875009e+00
1.316515305175781192e+00
1.310081013183593823e+00
1.305024816894531314e+00
1.311819685058593699e+00
1.308505202636718767e+00
1.299859018554687440e+00
1.303980307617187417e+00
1.301514582519531338e+00
1.298407275390625060e+00
1.305754543457031236e+00
1.298667297363281348e+00
1.297882199707031337e+00
1.298730585937500015e+00
1.296714450683593700e+00
1.306476193847656342e+00
1.293627687988281316e+00
1.293072734374999921e+00
1.295752685546875060e+00
1.294623398437499961e+00
1.288182587890625008e+00
1.294439985351562461e+00
1.292140104980468829e+00
