2.302236496582031222e+00
1.747404990234374900e+00
1.586984458007812515e+00
1.531597275390625068e+00
1.502175349121093850e+00
1.477355925292968664e+00
1.475281298828124976e+00
1.438540769042968792e+00
1.438587248535156293e+00
1.412573630371093847e+00
1.396777446289062530e+00
1.389353342285156279e+00
1.373043012695312592e+00
1.366542565917968854e+00
1.348644992675781307e+00
1.338476145019531272e+00
1.334899201660156187e+00
1.324810627441406208e+00
1.330286237792968729e+00
1.307254501953124981e+00
1.316684875488281170e+00
1.295460297851562581e+00
1.282659750976562485e+00
1.273942094726562502e+00
1.265728776855468807e+00
1.264903271484375091e+00
1.259724213867187581e+00
1.253957744140625108e+00
1.253289184570312464e+00
1.242941413574218723e+00
1.242268115234375081e+00
1.232978503417968774e+00
1.219673493652343677e+00
1.233346286621093801e+00
1.237675119628906195e+00
1.208486887207031346e+00
1.216241596679687564e+00
1.199036457519531140e+00
1.190599598388671909e+00
1.188496513671875032e+00
1.190906679687500080e+00
1.189024761962890642e+00
1.176613820800781252e+00
1.181070885009765536e+00
1.167237127685546882e+00
1.162648039550781220e+00
1.158513160400390651e+00
1.168302124023437472e+00
1.171934089355468833e+00
1.152176334228515620e+00
1.151910616455078085e+00
1.145948585205078141e+00
1.134968282470703027e+00
1.137118209228515697e+00
1.141152644042968678e+00
1.127431173095703176e+00
1.136470739746093805e+00
1.123952073974609389e+00
1.119829636230468717e+00
1.127360522460937542e+00
1.106654128417968730e+00
1.107068409423828115e+00
1.114016949462890649e+00
1.104033583984374900e+00
1.118315806884765617e+00
1.097449461669921966e+00
1.095831429443359317e+00
1.094760396728515550e+00
1.082228824462890593e+00
1.092184199218749985e+00
1.082315456542968679e+00
1.074633870849609485e+00
1.079857677001953231e+00
1.074531069335937561e+00
1.073279621582031274e+00
1.070956621093750005e+00
1.064585443115234398e+00
1.057537821044921778e+00
1.057164349365234290e+00
1.054141293945312530e+00
1.055662313232421878e+00
1.069576914062499995e+00
1.055961478271484344e+00
1.046708283691406338e+00
1.065124677734375025e+00
1.049202564697265583e+00
1.042638532714843747e+00
1.055899283447265580e+00
1.034910576171875096e+00
1.034266757812499993e+00
1.036288052978515672e+00
1.029872025146484349e+00
1.030266624755859395e+00
1.024003986816406142e+00
1.028341573486328153e+00
1.033950012207031310e+00
1.026777716064453116e+00
1.018515848388671818e+00
1.022348138427734421e+00
1.018984737548828123e+00
1.024888822021484458e+00
1.010317384033203147e+00
1.009073338623046823e+00
1.010917362060546942e+00
1.014328851318359481e+00
1.002172382812499984e+00
9.988206225585937181e-01
1.010386529541015710e+00
1.009065953369140622e+00
1.012727664794921933e+00
9.931052600097656224e-01
1.002755645751953084e+00
9.954500659179686961e-01
9.961617456054687736e-01
9.953722741699219112e-01
1.012292838134765560e+00
1.002187803955078227e+00
9.890985400390625015e-01
9.793074902343750221e-01
9.739053076171875212e-01
9.833599877929687372e-01
9.829932226562499986e-01
9.811297363281249462e-01
9.743304321289062431e-01
9.688843859863280894e-01
9.802653918457031601e-01
9.724321667480468889e-01
9.686720263671875220e-01
9.651179162597656180e-01
9.604143664550781612e-01
9.662075598144531652e-01
9.682811962890625068e-01
9.636892480468749467e-01
9.637591674804687480e-01
9.632334753417969297e-01
9.678252392578124974e-01
9.647688891601562400e-01
9.593380505371094102e-01
9.566032995605469047e-01
9.636177807617187785e-01
9.582815747070312362e-01
9.556818090820312639e-01
9.456773315429687354e-01
9.467049572753906128e-01
9.595049426269530723e-01
9.519418530273437984e-01
9.482954370117187004e-01
9.450458825683594188e-01
9.375929125976562029e-01
9.423682580566405953e-01
9.370951647949218311e-01
9.284704736328125430e-01
9.358613122558593345e-01
9.290677661132812348e-01
9.293283056640625484e-01
9.274682128906249767e-01
9.539571679687499639e-01
9.251725793457030722e-01
9.420820581054687448e-01
9.231291931152343366e-01
9.273143359375000117e-01
9.391632421875000247e-01
9.205879138183593602e-01
9.426044897460937877e-01
9.186122924804687173e-01
9.192756079101562783e-01
9.202629260253906152e-01
9.220611779785156115e-01
9.136699926757811951e-01
9.153375305175781573e-01
9.124127209472656652e-01
9.083128405761718982e-01
9.169272900390624814e-01
9.074362951660156495e-01
9.112721972656250280e-01
9.102766503906249973e-01
9.031625427246093851e-01
9.060637402343749702e-01
9.083618835449218665e-01
9.003080139160156703e-01
9.113042321777343746e-01
9.056032141113281586e-01
8.927987951660156796e-01
8.958646179199218906e-01
9.098520593261718581e-01
9.047779724121093325e-01
9.086764392089843323e-01
8.953137963867187077e-01
9.053249133300781404e-01
8.889928124999999515e-01
8.953718872070312029e-01
8.933260571289062257e-01
8.999399243164062367e-01
8.874612719726562293e-01
8.933148901367187200e-01
8.909685888671875498e-01
8.815223742675781793e-01
8.893860717773437452e-01
8.796240246582031075e-01
8.829675036621094097e-01
8.889228173828125357e-01
8.885015039062500453e-01
8.846358874511718318e-01
8.903794079589844035e-01
8.832755505371093774e-01
8.739940832519531577e-01
8.797591088867187104e-01
8.716991711425781109e-01
8.961230151367187702e-01
8.665522839355468410e-01
8.764361682128906095e-01
8.762598059082030710e-01
8.639706762695312792e-01
8.745172814941406525e-01
8.628364355468749469e-01
8.648150915527343940e-01
8.675116357421874813e-01
8.659704187011718624e-01
8.870070153808593538e-01
8.653993811035156636e-01
8.628421972656250549e-01
8.668201562499999735e-01
8.620151867675781565e-01
8.622873107910156154e-01
8.712879187011718374e-01
8.725544287109374686e-01
8.716165441894531130e-01
8.541168188476562229e-01
8.572580969238281501e-01
8.595529858398437417e-01
8.565519726562500491e-01
8.649928027343749548e-01
8.569159448242187338e-01
8.492566357421874601e-01
8.565900427246093685e-01
8.453867163085937442e-01
8.630860876464844234e-01
8.546140905761718809e-01
8.559449462890624805e-01
8.502843420410156616e-01
8.474563562011718787e-01
8.448370251464843994e-01
8.449892773437499560e-01
8.386769775390624515e-01
8.465557861328124600e-01
8.450318591308593197e-01
8.430153308105469145e-01
8.451779821777343216e-01
8.548841467285156481e-01
8.472006420898438028e-01
8.540521569824218728e-01
8.399200549316405695e-01
8.374153662109374840e-01
8.397595751953125243e-01
8.443093603515624546e-01
8.343910644531250531e-01
8.407265002441406399e-01
8.356911450195312341e-01
8.521047399902343944e-01
8.373546020507812715e-01
8.365192053222656465e-01
8.420425476074219207e-01
8.411793347167968449e-01
8.434050915527343539e-01
8.304767895507813025e-01
8.304914343261718956e-01
8.363409399414062362e-01
8.323030810546875324e-01
8.282566101074219089e-01
8.343545251464843382e-01
8.234736694335937912e-01
8.370518481445312631e-01
8.370226745605469088e-01
8.326108239746093931e-01
8.348707275390625515e-01
8.164655273437499972e-01
8.312972607421874605e-01
8.184901818847656330e-01
8.212062377929687518e-01
8.214366577148437543e-01
8.160534265136718535e-01
8.216295971679687948e-01
8.223422570800781317e-01
8.224623352050781655e-01
8.294056054687499735e-01
8.225967993164062797e-01
8.067466235351562487e-01
8.262552539062499868e-01
8.105147436523437721e-01
8.160500415039062538e-01
8.178572253417968341e-01
8.125707922363281099e-01
8.056509387207031470e-01
8.174738989257812616e-01
8.203658618164062499e-01
8.239937768554687070e-01
8.229109326171875072e-01
8.219884204101562952e-01
8.018467663574219140e-01
8.104337072753906579e-01
8.099396972656249805e-01
