2.461733720703124906e+00
2.314835566406249878e+00
2.273708395996093756e+00
2.211375385742187394e+00
2.131877133789062295e+00
2.081222714843749877e+00
2.035905998535156414e+00
1.994859267578124928e+00
1.965004550781249915e+00
1.932197011718749913e+00
1.903534375000000001e+00
1.882590820312499913e+00
1.854729711914062440e+00
1.825906789550781228e+00
1.806974792480468661e+00
1.777434660644531261e+00
1.756419604492187592e+00
1.735211643066406184e+00
1.709177446289062541e+00
1.698667292480468660e+00
1.676991259765624909e+00
1.655801127929687588e+00
1.646549982910156196e+00
1.635961428222656222e+00
1.616623813476562477e+00
1.607785705566406209e+00
1.599206713867187490e+00
1.587842641601562521e+00
1.575910693359374948e+00
1.575219282226562489e+00
1.559200378417968658e+00
1.554537368164062405e+00
1.549005598144531204e+00
1.545794653320312406e+00
1.539021142578125056e+00
1.535656330566406158e+00
1.521406599121093661e+00
1.515940893554687419e+00
1.515461691894531171e+00
1.508113012695312394e+00
1.505606179199218797e+00
1.499965725097656355e+00
1.494430549316406287e+00
1.492804990234374962e+00
1.487229716796875101e+00
1.484323442382812441e+00
1.480292202148437486e+00
1.475321171874999893e+00
1.469845270996093856e+00
1.467505327148437511e+00
1.461225632324218759e+00
1.463673571777343696e+00
1.453077097167968734e+00
1.458481135253906213e+00
1.451252060546875056e+00
1.446747900390624952e+00
1.448971105957031158e+00
1.445539714355468686e+00
1.436744548339843774e+00
1.438169648437499948e+00
1.432031711425781229e+00
1.429939270019531250e+00
1.426560383300781165e+00
1.429886391601562501e+00
1.425229016113281233e+00
1.423403447265624955e+00
1.427550158691406335e+00
1.413305629882812608e+00
1.411580512695312484e+00
1.416189313964843821e+00
1.417967741699218687e+00
1.407963283691406220e+00
1.407362211914062522e+00
1.422878684082031331e+00
1.402202995605468683e+00
1.402504377441406325e+00
1.412263444824218839e+00
1.398665407714843711e+00
1.396615642089843679e+00
1.395339108886718860e+00
1.403126525878906294e+00
1.401757165527343751e+00
1.390911591796875069e+00
1.394445329589843796e+00
1.391126259765625095e+00
1.384642031250000072e+00
1.385885988769531174e+00
1.389329902343749978e+00
1.378532050781249962e+00
1.394404140625000066e+00
1.378296926269531264e+00
1.377022448730468751e+00
1.374784992675781359e+00
1.372060285644531197e+00
1.377667390136718684e+00
1.369472604980468855e+00
1.367638679199218776e+00
1.371516477050781280e+00
1.370300910644531189e+00
1.372693220214843857e+00
1.378026755371093648e+00
1.362329931640624991e+00
1.368361835937500048e+00
1.357806782226562481e+00
1.356412973632812546e+00
1.357981796875000091e+00
1.359965361328125066e+00
1.354795520019531185e+00
1.361672521972656202e+00
1.357359528808593785e+00
1.351287260742187524e+00
1.358389714355468847e+00
1.350156645507812447e+00
1.349860075683593674e+00
1.356172719726562503e+00
1.350075830078125039e+00
1.345933837890624929e+00
1.343936147460937480e+00
1.348411616210937414e+00
1.345632829589843649e+00
1.342777497558593769e+00
1.339612526855468833e+00
1.338524416503906300e+00
1.341613774414062599e+00
1.342454067382812477e+00
1.340587578125000068e+00
1.342951311035156303e+00
1.332074614257812595e+00
1.347546188964843683e+00
1.332436101074218726e+00
1.333036064453124947e+00
1.335885207519531326e+00
1.330763129882812423e+00
1.339340151367187426e+00
1.331372500000000070e+00
1.335031206054687392e+00
1.323477932128906298e+00
1.329961057128906221e+00
1.328648142089843720e+00
1.322746777343750013e+00
1.323638024902343835e+00
1.326892854003906219e+00
1.328649716796874936e+00
1.327946513671875106e+00
1.321233017578125057e+00
1.320295949707031236e+00
1.324704243164062545e+00
1.326972114257812585e+00
1.319171579589843768e+00
1.322047761230468854e+00
1.313018818359374951e+00
