2.325422226562499972e+00
2.061364199218750137e+00
1.809895808105468795e+00
1.722885524902343812e+00
1.676803605957031262e+00
1.641720866699218684e+00
1.620958447265625102e+00
1.593697666015625014e+00
1.575403356933593679e+00
1.562037678222656156e+00
1.550454121093749915e+00
1.536893383789062595e+00
1.527543200683593838e+00
1.519253647460937495e+00
1.515373479003906176e+00
1.498006396484375058e+00
1.494564775390625044e+00
1.489102226562500020e+00
1.478287924804687403e+00
1.483927478027343705e+00
1.464661613769531190e+00
1.456384929199218803e+00
1.458885783691406202e+00
1.449437963867187484e+00
1.449048344726562521e+00
1.436411857910156353e+00
1.436290256347656280e+00
1.429377958984374919e+00
1.429650061035156350e+00
1.414987309570312490e+00
1.415401135253906206e+00
1.407734599609375081e+00
1.407272985839843837e+00
1.400761687011718770e+00
1.395459023437499946e+00
1.394686821289062406e+00
1.394161069335937420e+00
1.393800175781249928e+00
1.386062490234375000e+00
1.378403583984374903e+00
1.381600180664062538e+00
1.384269213867187487e+00
1.376918930664062568e+00
1.366960361328124929e+00
1.376111801757812447e+00
1.364784882812499989e+00
1.365533967285156303e+00
1.358766682128906167e+00
1.367196206054687391e+00
1.352905085449218836e+00
1.351926516113281185e+00
1.351400573730468846e+00
1.357194055175781289e+00
1.358189604492187508e+00
1.345921811523437484e+00
1.346884133300781272e+00
1.340007285156249894e+00
1.339124106445312545e+00
1.335211013183593698e+00
1.333206301269531213e+00
1.340602160644531304e+00
1.329228447265625057e+00
1.338675625000000036e+00
1.327106384277343842e+00
1.324406958007812607e+00
1.325143566894531277e+00
1.321660522460937459e+00
1.316723457031250044e+00
1.320276767578125066e+00
1.327414853515624937e+00
1.316529265136718641e+00
1.313426542968749944e+00
1.311771564941406343e+00
1.307018745117187519e+00
1.309974968261718775e+00
1.310446267089843797e+00
1.305727724609375029e+00
1.305202199707031330e+00
1.302275690917968687e+00
1.307662739257812401e+00
1.299820158691406213e+00
1.298283735351562607e+00
1.298192937011718673e+00
1.299658562011718699e+00
1.296499211425781173e+00
1.290634277343750025e+00
1.295823532714843740e+00
1.291443786621093714e+00
1.293526269531249939e+00
1.287904206542968666e+00
1.286311164550781205e+00
1.282799064941406275e+00
1.287254333496093750e+00
1.293261379394531341e+00
1.287674841308593665e+00
1.276035603027343646e+00
1.277018220214843680e+00
1.274924931640625037e+00
1.278326845703124937e+00
1.280264328613281322e+00
1.276561767578124895e+00
1.274099792480468674e+00
1.272708005371093742e+00
1.268549934082031205e+00
1.267491008300781319e+00
1.265723386230468650e+00
1.266778183593749940e+00
1.268432485351562500e+00
1.262740915527343688e+00
1.270699638671874965e+00
1.260798432617187492e+00
1.261893127441406248e+00
1.261245322265625024e+00
1.255882561035156275e+00
1.257645119628906238e+00
1.257180219726562465e+00
1.258324020996093751e+00
1.253730056152343675e+00
1.258185666503906175e+00
1.253454860839843699e+00
1.251030712890625063e+00
1.250518010253906187e+00
1.254555046386718775e+00
1.247414826660156351e+00
1.246081467285156341e+00
1.244752338867187502e+00
1.248754804687500108e+00
1.248094331054687478e+00
1.246261818847656189e+00
1.245127453613281254e+00
1.241779350585937580e+00
1.239696887207031306e+00
1.246445627441406190e+00
1.237072429199218782e+00
1.248729587402343855e+00
1.241380191650390596e+00
1.240220776367187527e+00
1.239575458984375045e+00
1.237899655761718787e+00
1.238998884277343837e+00
1.238549748535156203e+00
1.234676618652343683e+00
1.236834538574218767e+00
1.228716572265625029e+00
1.229093312988281284e+00
1.229629960937500099e+00
1.237160314941406325e+00
1.235859992675781172e+00
1.226645173339843797e+00
1.230123698730468673e+00
1.228632514648437590e+00
