2.500818139648437466e+00
2.158111123046874802e+00
1.886738100585937605e+00
1.784612185058593647e+00
1.711385039062500057e+00
1.665020603027343782e+00
1.627019157714843844e+00
1.601177458496093831e+00
1.584998056640624986e+00
1.565856838378906213e+00
1.545952990722656351e+00
1.534777822265624980e+00
1.524311877441406171e+00
1.512766347656250066e+00
1.503621289062500033e+00
1.498287617187499920e+00
1.490539187011718836e+00
1.480581840820312411e+00
1.474977104492187552e+00
1.469040185546875099e+00
1.463417893066406350e+00
1.458202475585937519e+00
1.450892822265624993e+00
1.446629855957031197e+00
1.439070522460937473e+00
1.436390034179687580e+00
1.429344504394531201e+00
1.428233312988281156e+00
1.424442041015625104e+00
1.415610034179687560e+00
1.414840046386718786e+00
1.410314450683593845e+00
1.406182329101562489e+00
1.401722595214843770e+00
1.399691281738281168e+00
1.403823613281250049e+00
1.389868659667968798e+00
1.390818920898437394e+00
1.385492961425781155e+00
1.386498378906249940e+00
1.380057326660156347e+00
1.380897011718750012e+00
1.373310839843749909e+00
1.370124973144531300e+00
1.375779440917968666e+00
1.379148259277343858e+00
1.365914235839843727e+00
1.365207265625000055e+00
1.359047983398437465e+00
1.356557429199218845e+00
1.359338022460937490e+00
1.352758803710937485e+00
1.354987697753906151e+00
1.348044760742187487e+00
1.348479931640625074e+00
1.345583955078125005e+00
1.345145356445312412e+00
1.343725874023437461e+00
1.335781157226562543e+00
1.335310151367187448e+00
1.334976047363281237e+00
1.331848220214843836e+00
1.343603479003906198e+00
1.328254396972656348e+00
1.325705209960937436e+00
1.327967145996093778e+00
1.329728752441406314e+00
1.327162189941406334e+00
1.330697592773437465e+00
1.320149519042968844e+00
1.318016621093750063e+00
1.317310576171875081e+00
1.311825317382812495e+00
1.314807761230468719e+00
1.317229128417968687e+00
1.307606523437500057e+00
1.303932988281250038e+00
1.303032419433593825e+00
1.304540305175781345e+00
1.306815056152343724e+00
1.305138344726562538e+00
1.298391650390624985e+00
1.299161896972656161e+00
1.301501977539062604e+00
1.298476394042968662e+00
1.299832580566406159e+00
1.291763029785156336e+00
1.288806127929687406e+00
1.289663601074218846e+00
1.288721616210937393e+00
1.290129050292968760e+00
1.289734667968750026e+00
1.282384948730468821e+00
1.285388691406250006e+00
1.288682966308593691e+00
1.282160483398437467e+00
1.282089370117187599e+00
1.278444382324218642e+00
1.278884167480468736e+00
1.279409311523437509e+00
1.275201984863281179e+00
1.278458537597656264e+00
1.280956611328124994e+00
1.271178657226562425e+00
1.270364008789062416e+00
1.271218044433593652e+00
1.267733820800781341e+00
1.266705925292968660e+00
1.268767385253906310e+00
1.266448171386718835e+00
1.267266616210937391e+00
1.267261188964843743e+00
1.272790170898437490e+00
1.264404428710937500e+00
1.266089999999999938e+00
1.262748640136718725e+00
1.264665097656249904e+00
1.256179719238281312e+00
1.261571425781250033e+00
1.254170502929687459e+00
1.273228435058593844e+00
1.255860957031250003e+00
1.258935097656249891e+00
1.253500537109375035e+00
1.257028391113281351e+00
1.256176772460937396e+00
1.252967639160156299e+00
1.249189987792968859e+00
1.251229326171874989e+00
1.251297468261718837e+00
1.246813769531250005e+00
1.249211333007812508e+00
1.247112731933593732e+00
1.245856796875000061e+00
1.240581655273437445e+00
1.240769829101562527e+00
1.242759177246093749e+00
1.241254509277343709e+00
1.241289914550781193e+00
1.245239792480468788e+00
1.235220795898437585e+00
1.237172319335937409e+00
1.245750834960937414e+00
1.238178657226562507e+00
1.237141030273437581e+00
1.233970808105468775e+00
1.235219331054687508e+00
1.246959289550781280e+00
1.233361042480468850e+00
1.241989338378906238e+00
1.231242966308593756e+00
