2.501172338867187595e+00
2.296320598144531377e+00
2.265824982910156216e+00
2.137044196777343696e+00
2.018306926269531232e+00
1.978619123535156232e+00
1.941736408691406179e+00
1.903671784667968714e+00
1.857879755859374926e+00
1.809691589355468810e+00
1.763367055664062599e+00
1.729388312988281218e+00
1.695291486816406179e+00
1.669579675292968801e+00
1.645326015625000027e+00
1.622762070312500082e+00
1.601008698730468804e+00
1.583797514648437543e+00
1.566168110351562559e+00
1.555163647460937604e+00
1.545799362792968701e+00
1.542447717285156283e+00
1.542393583984374983e+00
1.515634589843749991e+00
1.512452028808593640e+00
1.498480949707031273e+00
1.496318334960937468e+00
1.487732055664062525e+00
1.480446284179687488e+00
1.479637033691406200e+00
1.466876938476562531e+00
1.460092502441406204e+00
1.454769814453124921e+00
1.459108303222656167e+00
1.449354570312499924e+00
1.439546621093749978e+00
1.440677216796875104e+00
1.437620029296875046e+00
1.435738833007812465e+00
1.428456572265625057e+00
1.424986118164062399e+00
1.420533444824218838e+00
1.415778583984375061e+00
1.412215102539062572e+00
1.405798657226562609e+00
1.405814755859374987e+00
1.405792536621093713e+00
1.401891145019531271e+00
1.397261293945312399e+00
1.394314804687500020e+00
1.392196469726562524e+00
1.392337248535156169e+00
1.382176284179687409e+00
1.379490803222656270e+00
1.381745512695312428e+00
1.374680493164062600e+00
1.381637365722656163e+00
1.370941250000000000e+00
1.367371738281250027e+00
1.365188464355468811e+00
1.372019689941406329e+00
1.365543803710937532e+00
1.359918850097656229e+00
1.369308627929687550e+00
1.357110915527343753e+00
1.358791896972656232e+00
1.361025351562499930e+00
1.354250122070312479e+00
1.349088999023437596e+00
1.347867285156250095e+00
1.349787878417968656e+00
1.349405681152343828e+00
1.347477258300781244e+00
1.343916621093750097e+00
1.340105607910156316e+00
1.342746064453125054e+00
1.342247287597656324e+00
1.339238681640624984e+00
1.339813615722656337e+00
1.331427658691406224e+00
1.333532912597656273e+00
1.332478889160156221e+00
1.344373862304687473e+00
1.328287790527343804e+00
1.325072446289062400e+00
1.323314829101562395e+00
1.322789514160156221e+00
1.323897145996093760e+00
1.323467446289062543e+00
1.321340310058593648e+00
1.320202705078125094e+00
1.328252360839843771e+00
1.315804836425781277e+00
1.316426945800781345e+00
1.314187707519531179e+00
1.323517880859375051e+00
1.312577104492187452e+00
1.326183830566406208e+00
1.309037937011718666e+00
1.304621701660156230e+00
1.304846755371093847e+00
1.320840588378906277e+00
1.304969765625000111e+00
1.304836816406250044e+00
1.301651064453124951e+00
1.304006567382812509e+00
1.310352983398437532e+00
1.303653881835937556e+00
1.298262751464843712e+00
1.295909445800781157e+00
1.296497290039062555e+00
1.302127453613281194e+00
1.292629511718750068e+00
1.294765449218749920e+00
1.291532602539062546e+00
1.294472055664062538e+00
1.297151188964843715e+00
1.285034997558593739e+00
1.285991401367187592e+00
1.289184152832031360e+00
1.289303457031250044e+00
1.283673254394531282e+00
1.288245000000000084e+00
1.287414252929687475e+00
1.279451391601562404e+00
1.282894182128906158e+00
1.278949267578125104e+00
1.289766772460937405e+00
1.276958823242187568e+00
1.282996174316406224e+00
1.282795895996093671e+00
1.274826765136718665e+00
1.278934638671874957e+00
1.281347102050781173e+00
1.272123847656249973e+00
1.276109248046874978e+00
1.282956123046874897e+00
1.271920241699218801e+00
1.270628447265625072e+00
1.270785974121093842e+00
1.271526352539062543e+00
1.266429692382812444e+00
1.271397702636718696e+00
1.267432766113281151e+00
1.266686960449218802e+00
1.269885759277343817e+00
1.263571284179687559e+00
1.270201176757812522e+00
1.266001530761718730e+00
1.263946953125000050e+00
1.258270056152343663e+00
