2.437822055664062404e+00
2.293263544921874786e+00
2.247773793945312626e+00
2.137848176269531386e+00
2.034803417968749972e+00
1.976330046386718831e+00
1.937529772949218687e+00
1.900669599609374982e+00
1.869750214843749925e+00
1.837120017089843849e+00
1.808608876953125000e+00
1.781500754394531150e+00
1.754242314453124951e+00
1.732936726074218781e+00
1.710889057617187570e+00
1.690491174316406164e+00
1.688354560546875049e+00
1.656089814453125086e+00
1.643247976074218686e+00
1.628000549316406254e+00
1.616964562988281173e+00
1.606929238281249894e+00
1.597320895996093837e+00
1.587882719726562586e+00
1.574162817382812607e+00
1.571521232910156218e+00
1.565267504882812410e+00
1.548707416992187502e+00
1.541982263183593771e+00
1.535298740234374959e+00
1.525725449218749974e+00
1.519609729003906340e+00
1.519622333984375073e+00
1.508529118652343737e+00
1.502647768554687513e+00
1.497555488281250069e+00
1.497507829589843853e+00
1.485593933105468833e+00
1.478257602539062576e+00
1.475042482910156272e+00
1.473542580566406190e+00
1.469890417480468781e+00
1.464073647460937488e+00
1.458181555175781297e+00
1.457349409179687472e+00
1.456583068847656204e+00
1.445549355468749964e+00
1.447106335449218850e+00
1.436882412109375062e+00
1.443834406738281340e+00
1.429794772949218640e+00
1.429015571289062425e+00
1.420521840820312409e+00
1.429859604492187408e+00
1.422968271484374991e+00
1.424262214355468847e+00
1.416236235351562511e+00
1.414424660644531206e+00
1.403263818359375081e+00
1.400828735351562493e+00
1.401008332519531274e+00
1.399160043945312459e+00
1.399639655761718782e+00
1.389587053222656188e+00
1.385058964843749907e+00
1.386606916503906328e+00
1.388104304199218708e+00
1.376516247558593697e+00
1.384490065917968860e+00
1.383194160156250074e+00
1.373976262207031285e+00
1.371738029785156243e+00
1.367743808593750110e+00
1.370639099121093718e+00
1.366599323730468774e+00
1.360783383789062606e+00
1.371803195800781250e+00
1.357746970214843696e+00
1.355005314941406303e+00
1.358996972656250080e+00
1.353762709960937505e+00
1.351252236328124967e+00
1.350584472656249924e+00
1.350764206542968804e+00
1.354308210449218786e+00
1.341214843749999996e+00
1.339389067382812604e+00
1.337479047851562575e+00
1.337574384765624957e+00
1.334497241210937490e+00
1.337244521484374893e+00
1.334850170898437494e+00
1.329880043945312451e+00
1.332420454101562513e+00
1.331087595214843766e+00
1.326456967773437468e+00
1.335443266601562540e+00
1.322184223632812516e+00
1.328524565429687554e+00
1.327216354980468749e+00
1.334446152343750081e+00
1.316722753906250043e+00
1.316099326171874973e+00
1.320251591796874902e+00
1.324465981445312579e+00
1.315993041992187473e+00
1.318082978515624948e+00
1.315597148437499975e+00
1.313880495605468823e+00
1.310389389648437541e+00
1.307204404296874900e+00
1.309557416992187528e+00
1.313317167968750088e+00
1.304165974121093807e+00
1.304019782714843645e+00
1.308406381835937493e+00
1.301255761718749904e+00
1.299825212402343722e+00
1.304253754882812588e+00
1.297249367675781251e+00
1.298641481933593855e+00
1.300423842773437588e+00
1.298430541992187548e+00
1.294832697753906192e+00
1.297814025878906152e+00
1.294114604492187404e+00
1.299285717773437598e+00
1.291063061523437527e+00
1.288379221191406243e+00
1.293054841308593828e+00
1.286356267089843852e+00
1.287040241699218823e+00
1.283816835937499956e+00
1.295679853515625091e+00
1.283676931152343714e+00
1.282804721679687399e+00
1.294925964355468695e+00
1.281417495117187499e+00
1.281822453613281176e+00
1.285012099609375014e+00
1.277496562500000099e+00
1.288810266113281200e+00
1.277252861328125100e+00
1.277219523925781308e+00
1.280173298339843724e+00
1.272763686523437521e+00
1.276110920410156169e+00
1.274783051757812480e+00
1.274758298339843776e+00
1.271708881835937444e+00
1.272778125000000093e+00
1.267655991210937527e+00
1.267476003417968844e+00
1.271223603515625022e+00
1.265624570312499975e+00
1.263219033203125008e+00
1.265072507324218831e+00
1.280244682617187602e+00
1.264121967773437438e+00
1.267884396972656313e+00
1.269383403320312409e+00
1.263537663574218817e+00
1.261875153808593719e+00
1.262143349609375020e+00
1.270360849609375009e+00
1.262467390136718715e+00
1.257687329101562446e+00
1.266444479980468829e+00
1.259574921875000086e+00
1.265416635742187434e+00
1.262290662841796918e+00
1.255790295410156299e+00
1.261227998046875021e+00
1.259664733886718846e+00
1.260558627929687425e+00
1.257041259765625085e+00
1.260776249999999932e+00
1.251823068847656151e+00
1.261836527099609473e+00
1.247396401367187435e+00
1.252354357910156146e+00
1.252643029785156292e+00
1.245606254882812403e+00
1.245521850585937562e+00
1.248151901855468759e+00
1.248464501953125083e+00
1.251319445800781249e+00
1.251690640869140614e+00
1.253117254638671962e+00
1.251272358398437534e+00
1.248008081054687413e+00
1.246045910644531185e+00
1.247899060058593745e+00
1.249866848144531195e+00
1.240695107421875054e+00
1.242472014160156180e+00
1.243965378417968726e+00
1.240656074218750016e+00
1.248322434082031140e+00
1.242229270019531207e+00
1.235886483154296833e+00
1.238605017089843718e+00
1.241976821289062505e+00
1.236689987792968681e+00
1.234024716796874976e+00
1.242650861816406271e+00
1.236177814941406217e+00
1.240180070800781298e+00
1.240854890136718680e+00
1.234963046874999915e+00
1.233071606445312440e+00
1.237782656250000057e+00
1.233210974121093706e+00
1.238986809082031293e+00
1.233106323242187496e+00
1.235441506347656260e+00
1.232447485351562566e+00
1.231387949218750055e+00
1.228367746582031295e+00
1.226406835937499995e+00
1.232547319335937530e+00
1.230861647949218707e+00
1.232376287841796980e+00
1.234161280517578119e+00
1.234798410644531330e+00
1.227535937499999896e+00
1.221303425292968647e+00
1.233151887207031283e+00
1.227436569824218671e+00
1.225708881835937403e+00
1.225023815917968717e+00
1.224320676269531338e+00
1.223860285644531309e+00
1.225817534179687529e+00
1.228924606933593733e+00
1.235810170898437477e+00
1.227596396484375019e+00
1.222293022460937406e+00
1.226106345214843740e+00
1.221630198974609449e+00
1.220522497558593766e+00
1.220168326416015692e+00
1.218153376464843785e+00
1.219447875976562568e+00
1.220206411132812585e+00
1.217172957763671848e+00
1.223241848144531296e+00
1.219895112304687501e+00
1.219878833007812524e+00
1.219244523925781198e+00
1.218091892089843808e+00
1.215539521484374941e+00
1.226672006835937578e+00
1.214170093994140665e+00
1.222178129882812492e+00
1.218745117187499893e+00
1.212285443115234340e+00
1.217645485839843777e+00
1.224576455078125070e+00
1.211420830078125066e+00
1.226737714843749938e+00
1.216338752441406212e+00
1.215063447265624985e+00
1.216962363281250070e+00
1.209564050292968762e+00
1.210576473388671914e+00
1.213603247070312419e+00
1.209659050292968718e+00
1.213787070312499994e+00
1.212233916015625024e+00
1.225261357421874919e+00
1.209267922363281178e+00
1.209263953857421914e+00
1.231512624511718723e+00
1.218243762207031233e+00
1.205658154296874951e+00
1.209214135742187501e+00
1.206021186523437594e+00
1.213663188476562516e+00
1.207533435058593785e+00
1.205271143798828160e+00
1.200946240234374907e+00
1.209156928710937606e+00
1.207469116210937443e+00
1.209433457031249937e+00
1.202462940673828085e+00
1.203666228027343799e+00
1.206546330566406144e+00
1.203137447509765590e+00
1.202265208740234348e+00
1.198678013916015583e+00
1.197108702392578161e+00
1.210317833251953079e+00
1.212656657714843655e+00
1.207748948974609382e+00
1.196460169677734386e+00
1.196161038818359446e+00
1.200242922363281339e+00
1.197263425292968808e+00
1.196887247314453173e+00
1.210391291503906341e+00
