2.389484519042968547e+00
2.306466635742187687e+00
2.249914636230468723e+00
2.080718574218749950e+00
1.982423012695312403e+00
1.917277927246093805e+00
1.871871049804687548e+00
1.834398515625000003e+00
1.804754892578124936e+00
1.776046040039062524e+00
1.755586582031249954e+00
1.735390524902343801e+00
1.713145861816406157e+00
1.697344948730468817e+00
1.678742011718749927e+00
1.660682758789062463e+00
1.648017287597656200e+00
1.632315690917968798e+00
1.629248037109374936e+00
1.602654279785156177e+00
1.594774699707031340e+00
1.584087089843750018e+00
1.568045944824218774e+00
1.557590705566406220e+00
1.545672817382812481e+00
1.542478176269531209e+00
1.530494128417968724e+00
1.519581462402343819e+00
1.513261958007812602e+00
1.510761921386718720e+00
1.500288063964843710e+00
1.491922185058593753e+00
1.484933640136718802e+00
1.483739499511718796e+00
1.472425495605468759e+00
1.476445654296874910e+00
1.464022524414062554e+00
1.458017209472656228e+00
1.457468110351562540e+00
1.456272653808593720e+00
1.445021726074218860e+00
1.449690844726562400e+00
1.440182783203125094e+00
1.436424807128906300e+00
1.438223105468749985e+00
1.426539338378906230e+00
1.429174309082031247e+00
1.424493520507812416e+00
1.424409814453124978e+00
1.415846354980468735e+00
1.411327321777343657e+00
1.410489321289062570e+00
1.411414050292968847e+00
1.409264348144531276e+00
1.402367924804687416e+00
1.403107695312499903e+00
1.396279213867187563e+00
1.399195024414062516e+00
1.396149980468750051e+00
1.393968193359375052e+00
1.391719162597656156e+00
1.390852800292968761e+00
1.393276643066406306e+00
1.382706909179687527e+00
1.383796667480468701e+00
1.393080153808593735e+00
1.378463820800781336e+00
1.375041279296874919e+00
1.375446533203124932e+00
1.372061225585937461e+00
1.369283852539062485e+00
1.370113312988281207e+00
1.366788977050781284e+00
1.370660251464843826e+00
1.363063627929687494e+00
1.366724506835937492e+00
1.366375688476562544e+00
1.360756313476562562e+00
1.354148190917968675e+00
1.355599519042968826e+00
1.360123598632812403e+00
1.349561569824218710e+00
1.349056945800781282e+00
1.351181955566406190e+00
1.345338894042968692e+00
1.340945017089843816e+00
1.342079636230468775e+00
1.343809677734375096e+00
1.344507185058593679e+00
1.343022861328124984e+00
1.336708950195312440e+00
1.334695065917968826e+00
1.339231274414062423e+00
1.334860158691406173e+00
1.329948776855468751e+00
1.338192978515625020e+00
1.330153505859374974e+00
1.325461022949218748e+00
1.326535839843749898e+00
1.324822392578125063e+00
1.335030593261718801e+00
1.324642744140624995e+00
1.325570905761718654e+00
1.321814587402343699e+00
1.321417248535156297e+00
1.320446730957031356e+00
1.318337709960937465e+00
1.315302622070312566e+00
1.318116965332031265e+00
1.316490454101562513e+00
1.322058791503906150e+00
1.316532668457031319e+00
1.310797023925781346e+00
1.308795292968750079e+00
1.308890380859375036e+00
1.306565390625000100e+00
1.309409746093749938e+00
1.316010686035156141e+00
1.311896545410156323e+00
1.306971433105468705e+00
1.298110651855468811e+00
1.298733425292968757e+00
1.301252573242187571e+00
1.300819643554687488e+00
1.299265427246093729e+00
1.297012578124999926e+00
1.296770385742187504e+00
1.294000397949218728e+00
1.293722280273437608e+00
1.293929165039062523e+00
1.294144323730468837e+00
1.289787573242187513e+00
1.290333098144531343e+00
1.294886008300781155e+00
1.297299526367187594e+00
1.294091035156250014e+00
1.289556503906249985e+00
1.285141875000000100e+00
1.289656689453124949e+00
1.292771396484375002e+00
1.285094680175781212e+00
1.281221921386718643e+00
1.280934284667968770e+00
1.283642595214843807e+00
1.276703930664062403e+00
1.282249968261718776e+00
1.285780859374999974e+00
1.278023518066406350e+00
1.276383022460937600e+00
1.271507189941406324e+00
1.274289521484375021e+00
