2.373253471679687365e+00
2.100118442382812312e+00
1.830150400390625043e+00
1.734458989257812389e+00
1.678976735839843748e+00
1.637307622070312441e+00
1.613052543945312500e+00
1.590845205078124991e+00
1.571899995117187476e+00
1.557747351074218800e+00
1.544418981933593837e+00
1.535531479492187490e+00
1.526839916992187574e+00
1.518241850585937414e+00
1.510124038085937537e+00
1.496582204589843812e+00
1.489646638183593774e+00
1.482038710937499948e+00
1.477088417968750012e+00
1.469811037597656300e+00
1.465725092773437543e+00
1.458629916992187470e+00
1.454730217285156169e+00
1.448700266113281288e+00
1.443501650390625057e+00
1.437719169921874984e+00
1.434901032714843705e+00
1.429883674316406283e+00
1.432214326171874941e+00
1.421482312011718818e+00
1.418378718261718685e+00
1.415692629394531332e+00
1.412508334960937528e+00
1.405568459472656295e+00
1.401882751464843757e+00
1.402470478515625008e+00
1.398693762207031233e+00
1.408657197265624994e+00
1.394007099609374967e+00
1.402394716796875107e+00
1.385876171874999896e+00
1.390282275390624989e+00
1.380143862304687552e+00
1.390321213378906240e+00
1.378971882324218745e+00
1.374760603027343819e+00
1.382002812499999900e+00
1.369745556640624917e+00
1.368547331542968815e+00
1.371008981933593773e+00
1.362905466308593772e+00
1.355891665039062444e+00
1.358947202148437450e+00
1.356828750000000028e+00
1.356486909179687395e+00
1.348171386718749920e+00
1.352770100097656192e+00
1.344126874999999943e+00
1.348543620605468840e+00
1.341012097167968653e+00
1.338785402832031179e+00
1.338775236816406311e+00
1.335105913085937512e+00
1.333493254394531258e+00
1.337148901367187559e+00
1.332780815429687404e+00
1.342442329101562581e+00
1.328485207519531253e+00
1.327377246093750074e+00
1.325779033203124957e+00
1.321473342285156338e+00
1.322965244140624996e+00
1.324334062499999964e+00
1.324068144531250102e+00
1.316725522460937547e+00
1.318504228515624987e+00
1.316112954101562593e+00
1.314380708007812482e+00
1.314894707031249999e+00
1.319931752929687452e+00
1.308532910156249951e+00
1.310088850097656188e+00
1.313541838378906146e+00
1.300898835449218804e+00
1.299071362304687449e+00
1.300796359863281237e+00
1.296383325195312519e+00
1.294873449707031332e+00
1.301212731933593769e+00
1.294205109863281189e+00
1.296521921386718734e+00
1.308280358886718675e+00
1.288902216796875111e+00
1.295133303222656185e+00
1.287065268554687503e+00
1.296404536132812479e+00
1.288931535644531223e+00
1.284629658203124913e+00
1.285251071777343768e+00
1.286496898193359328e+00
1.278933049316406168e+00
1.281506848144531308e+00
1.288107553710937436e+00
1.278463259277343722e+00
1.278182800292968713e+00
1.289453356933593753e+00
1.284381862792968843e+00
1.279184995117187418e+00
1.273528505859375048e+00
1.271004902343749965e+00
1.269148842773437424e+00
1.275426772460937608e+00
1.280698391113281209e+00
1.276227919921874898e+00
1.269447619628906176e+00
1.265041816406250019e+00
1.268125122070312472e+00
1.266125751953125045e+00
1.265630400390624910e+00
1.265679963378906203e+00
1.260725810546875048e+00
1.264855209960937588e+00
1.266265690917968811e+00
1.259262216796875000e+00
1.267005434570312561e+00
1.261123093261718786e+00
1.254005114746093774e+00
1.262585534667968856e+00
1.259998115234375105e+00
1.254570136718750062e+00
1.252680895996093779e+00
1.257724819335937605e+00
1.256615965576171945e+00
1.252295097656249911e+00
1.254651462402343709e+00
1.255488891601562518e+00
1.249091652832031274e+00
1.245837143554687554e+00
1.252492531738281345e+00
1.250626413574218665e+00
1.246610498046875071e+00
1.253004007568359279e+00
1.245232700195312514e+00
1.247665439453125025e+00
1.247981403808593681e+00
1.251385004882812568e+00
1.251077114257812539e+00
1.253566247558593805e+00
1.243689052734374911e+00
1.243097075195312540e+00
1.240841651611328089e+00
