2.396721013183593652e+00
2.305274594726562487e+00
2.285216743164062425e+00
2.240336677246093533e+00
2.146126347656250211e+00
2.054605205078125163e+00
2.014329687500000077e+00
1.986543049316406240e+00
1.964840803222656307e+00
1.936711372070312409e+00
1.907398330078124982e+00
1.881204399414062589e+00
1.856851169433593851e+00
1.834637595214843708e+00
1.818915039062499961e+00
1.799489240722656147e+00
1.782150783691406337e+00
1.767554750976562561e+00
1.753117827148437557e+00
1.739659699707031271e+00
1.730146198730468710e+00
1.715855886230468696e+00
1.698796787109374984e+00
1.690064589843750076e+00
1.675922224121093818e+00
1.663087050781250076e+00
1.648429816894531275e+00
1.641687907714843853e+00
1.632616203613281192e+00
1.624779985351562539e+00
1.611855747070312539e+00
1.609318652343749934e+00
1.604258918457031280e+00
1.592043210449218815e+00
1.586973510742187399e+00
1.581470517578124957e+00
1.575350361328125004e+00
1.570391542968750054e+00
1.561699108886718701e+00
1.559312673339843691e+00
1.558101943359375019e+00
1.547648627929687493e+00
1.549931699218749959e+00
1.540829335937500044e+00
1.538290258789062559e+00
1.526873505859374980e+00
1.527650351562499953e+00
1.520182587890624992e+00
1.514165996093749911e+00
1.517510622558593703e+00
1.507520939941406235e+00
1.512081953125000044e+00
1.499832641601562599e+00
1.496820354003906228e+00
1.489848552246093805e+00
1.486163698730468719e+00
1.486449150390624974e+00
1.478416799316406349e+00
1.483079538574218814e+00
1.478078693847656222e+00
1.467495876464843807e+00
1.477208168945312483e+00
1.466259291992187519e+00
1.466015258789062470e+00
1.458130854492187600e+00
1.457020788574218795e+00
1.457866743164062395e+00
1.455587587890625034e+00
1.447625742187500064e+00
1.457669951171874922e+00
1.442726291503906300e+00
1.437581716308593771e+00
1.436468291015625010e+00
1.435721992187499962e+00
1.428665991210937403e+00
1.431772539062500016e+00
1.424933425292968847e+00
1.429419133300781297e+00
1.419827360839843733e+00
1.417663303222656213e+00
1.412112465820312579e+00
1.415580146484374913e+00
1.409207133789062594e+00
1.406007844238281290e+00
1.409759130859375098e+00
1.404177182617187603e+00
1.405501162109374924e+00
1.398806437988281193e+00
1.400949916992187516e+00
1.396486843261718791e+00
1.398598879394531203e+00
1.398202844238281228e+00
1.392905615234375061e+00
1.388443657226562600e+00
1.388606081542968829e+00
1.384115651855468698e+00
1.385272219238281144e+00
1.389201774902343756e+00
1.385269350585937476e+00
1.386830546874999959e+00
1.381509184570312465e+00
1.376594472656250012e+00
1.377250583496093750e+00
1.371760771484374919e+00
1.376242624511718748e+00
1.370972187500000050e+00
1.371456699218750019e+00
1.371446784667968766e+00
1.364692758789062488e+00
1.365139558105468831e+00
1.368950715332031276e+00
1.367290598144531355e+00
1.364537548828125058e+00
1.362231921386718669e+00
1.364164172363281358e+00
1.363816772460937576e+00
1.364799487304687586e+00
1.352835715332031175e+00
1.350540102539062426e+00
1.356651496582031324e+00
1.355812106933593775e+00
1.361808300781250036e+00
1.349641359863281265e+00
1.348773999023437531e+00
1.349114846191406203e+00
1.345334382324218758e+00
1.351091350097656241e+00
1.346635603027343642e+00
1.342626950683593723e+00
1.342327312011718732e+00
1.342076599121093672e+00
1.335953410644531214e+00
1.339679372558593817e+00
1.338782692871093749e+00
1.343205878906249984e+00
1.335940949707031145e+00
1.340691730957031202e+00
1.336153430175781143e+00
1.340839350585937506e+00
1.333887048339843728e+00
1.330331887207031327e+00
1.331534121093749912e+00
1.326733549804687495e+00
1.337376274414062483e+00
1.330180317382812394e+00
1.329384499511718776e+00
1.323822966308593641e+00
1.322350639648437465e+00
1.328218723144531266e+00
1.325008864746093806e+00
1.322891403808593713e+00
