2.319633589680989427e+00
2.639328264872233265e-01
1.775415321350097553e-01
1.295438078562418660e-01
1.008473988850911440e-01
7.878221772511799503e-02
6.447563044230143758e-02
5.091765155792236236e-02
4.312487926483154349e-02
4.065428590774536333e-02
3.311636327107747579e-02
2.530827757517496723e-02
2.417666883468628028e-02
2.101275022824605418e-02
1.663994347254435166e-02
1.654394311904907114e-02
1.182768791516621877e-02
1.038804747263590532e-02
1.075938955148061059e-02
8.908079973856607506e-03
7.181596644719442056e-03
8.808527167638142974e-03
4.876124970118204428e-03
6.762380754947662671e-03
5.932010670502980976e-03
3.894515271981557371e-03
4.923964631557464604e-03
2.963238318761189736e-03
2.639883104960123912e-03
2.507130112250646053e-03
2.415140507618586136e-03
2.371401431163152034e-03
2.580099840958913378e-03
2.220211676756541144e-03
2.420852696895599201e-03
1.998095728953679616e-03
3.756764713923136430e-03
2.832243132591247357e-03
3.030345418055852350e-03
2.379920738538106317e-02
1.239285631974538192e-02
9.810176761945088933e-03
4.052173038323720125e-03
2.442813732226689714e-03
1.422428007920583130e-03
1.017947611212730334e-03
9.458062653740247202e-04
1.003586249550183574e-03
8.921754787365595522e-04
9.149522587656974725e-04
1.057107273737589509e-03
1.013555817802747148e-03
1.133220740159352532e-03
1.082796409726142790e-03
1.113350972533225973e-03
1.279094890753428200e-03
1.479343799750010074e-03
1.388398082057634882e-03
1.661187444130579702e-03
1.460111185908317651e-03
1.916967537005742498e-03
1.847367256879806421e-03
4.973257354895273784e-03
3.240074327786763436e-02
1.655128850936889509e-02
7.827509685357411304e-03
5.866380759080250945e-03
2.312623608112334989e-03
1.093358395497004290e-03
9.298121407628059465e-04
6.401585832238197629e-04
6.521949137250582186e-04
6.115949347615241794e-04
7.266191874941190431e-04
7.083396211266517351e-04
7.609338785211245413e-04
8.596483459075291485e-04
8.501939157644907786e-04
8.736743072668710832e-04
1.018285539746284409e-03
1.022014714777469543e-03
1.072323468327522188e-03
1.062627087036768650e-03
1.130509763956069873e-03
1.430972004930178417e-03
1.281302996476491388e-03
1.242499303817748944e-02
3.632304576237996296e-02
1.473449220657348582e-02
5.088367712497710894e-03
2.456018042564392032e-03
1.260947447518507604e-03
7.162340040008227313e-04
5.451260646184284990e-04
6.162503431240717346e-04
5.735722879568735727e-04
6.000958253939946141e-04
6.231049343943596049e-04
6.539473121364911250e-04
6.952112505833308274e-04
7.501095761855443690e-04
