2.092899544270833356e+00
4.099756665547688583e-01
2.008545590718587293e-01
1.495584156036376955e-01
1.236330880482991584e-01
1.071049065907796194e-01
9.570839360555012665e-02
8.607711658477783245e-02
7.937275657653808381e-02
7.325666942596435749e-02
6.880344581604004583e-02
6.480904871622721053e-02
6.051110254923502269e-02
5.680237255096435428e-02
5.361161645253499641e-02
5.180043099721273053e-02
4.825923948287964144e-02
4.638224229812622224e-02
4.457773831685384047e-02
4.226092354456583572e-02
3.969697807629903041e-02
3.808658148447672392e-02
3.629144417444864906e-02
3.447122611999511865e-02
3.309844519297282239e-02
3.204774881998698199e-02
2.982527481714884396e-02
2.876260851224263573e-02
2.868560587565104070e-02
2.724882507324218744e-02
2.519879172643025786e-02
2.405753631591796976e-02
2.350615603129068906e-02
2.185584049224853498e-02
2.082339367866516133e-02
2.030017522176106801e-02
1.970262726147969587e-02
1.857453376452128033e-02
1.748778882026672324e-02
1.734174415270487574e-02
1.592034371693928918e-02
1.581138901710510414e-02
1.517760189374287895e-02
1.413128261566162086e-02
1.390257128079732188e-02
1.318159396648406999e-02
1.279954986572265710e-02
1.204505008856455485e-02
1.159680458704630615e-02
1.107007236480712919e-02
1.082927674452463865e-02
1.051938809553782175e-02
1.038421580791473384e-02
9.825649197896321393e-03
9.347806302706400047e-03
8.840592678387959938e-03
8.464535005887350097e-03
8.802850532531738409e-03
8.164197985331217433e-03
7.676597746213277215e-03
7.549032926559447881e-03
7.230250136057535595e-03
7.248107123374938898e-03
6.946656847000121787e-03
6.609440473715464705e-03
6.508612457911173814e-03
6.796012330055237194e-03
6.212039629618327022e-03
6.220303209622701085e-03
5.662793934345245438e-03
5.661751166979471506e-03
5.802017649014791154e-03
5.622869412104289019e-03
5.371945472558339180e-03
5.275134273370106833e-03
5.299224106470743628e-03
5.160812362035115293e-03
4.945056299368540131e-03
5.044081616401672498e-03
4.817564765612284382e-03
4.746108098824818738e-03
4.704633065064748459e-03
4.729756784439086495e-03
4.567766511440277295e-03
4.529413127899169916e-03
4.440120104948679612e-03
4.267478283246358556e-03
4.554520463943481125e-03
4.374468672275542806e-03
4.598710087935129441e-03
4.248163425922393821e-03
4.485844933986664167e-03
4.225887878735860338e-03
4.016911828517913743e-03
4.169950886567433575e-03
4.029675241311390932e-03
4.004457549254099129e-03
4.002128120263417910e-03
4.107118264834085965e-03
3.896642279624939163e-03
3.647206221024195533e-03
