2.307089609781900919e+00
8.818491811116536683e-01
3.287424413045247351e-01
2.465411046346028534e-01
2.013448232014974082e-01
1.704722812652587904e-01
1.493006827036539585e-01
1.326056619008382231e-01
1.209524064381917313e-01
1.089045413970947257e-01
9.917653592427572162e-02
9.160748863220215255e-02
8.483917884826659705e-02
7.956901512145996003e-02
7.556987559000651056e-02
6.948700428009033092e-02
6.556322078704833467e-02
6.146367712020874008e-02
5.775721581776936675e-02
5.494629503885904709e-02
5.235272992451985713e-02
4.841549205780028980e-02
4.635705553690592368e-02
4.348285439809163738e-02
4.129750960667927934e-02
3.891992756525675112e-02
3.769802846908569538e-02
3.544259009361266921e-02
3.439544690450032499e-02
3.196390372912089051e-02
3.088466583887735858e-02
2.912093222935994638e-02
2.798677347501118962e-02
2.625404631296793592e-02
2.501918656031290600e-02
2.462900927861531516e-02
2.458057971000671485e-02
2.223704059918721679e-02
2.126936217943827326e-02
2.017431057294209740e-02
1.907072771390279017e-02
1.835600051879882760e-02
1.856015424728393523e-02
1.722348481019337837e-02
1.663626413345336771e-02
1.565486987431844237e-02
1.495318123499552419e-02
1.418057578404744411e-02
1.412545285224914467e-02
1.454625846544901555e-02
1.253950166702270594e-02
1.208393241564432834e-02
1.179424010117848670e-02
1.249305108388264890e-02
1.090874648094177293e-02
1.029617105325063113e-02
1.034460647106170625e-02
9.872448269526164222e-03
9.562764215469360743e-03
9.337937974929809773e-03
8.915286151568094578e-03
9.025841895739237716e-03
8.645658357938131033e-03
7.992649658521016470e-03
8.227782599131266625e-03
7.876888092358907273e-03
7.578129649162292786e-03
7.393321601549784385e-03
7.199602186679840247e-03
7.465571244557698584e-03
6.764627512296041145e-03
6.976296921571095364e-03
6.704689729213714373e-03
6.706850190957387367e-03
6.830035916964212819e-03
6.339466492335001958e-03
6.257128548622131053e-03
5.889698692162831893e-03
6.132937244574228688e-03
5.808321456114450866e-03
5.754729179541269966e-03
5.425499860445658594e-03
5.933246684074401818e-03
5.734766785303751363e-03
5.562985857327779407e-03
5.416366537412007839e-03
5.066059434413909719e-03
5.467565294106801164e-03
5.079823275407155218e-03
5.315251851081848229e-03
4.772307646274566786e-03
5.412492171923319849e-03
4.769933998584747516e-03
4.779786149660745879e-03
4.723068062464396040e-03
4.703036451339721521e-03
4.773400529225667321e-03
4.938173071543375953e-03
4.577267781893412310e-03
4.968953100840250992e-03
4.517580978075663202e-03
