2.319725077311197925e+00
1.306292195638020903e+00
4.811502909342447731e-01
3.438830212910969908e-01
2.945589474995931045e-01
2.623819913228352951e-01
2.384742136637369725e-01
2.182232585906982436e-01
2.022721330006917451e-01
1.871897013346354166e-01
1.731637476603190007e-01
1.616910755157470736e-01
1.518843254089355388e-01
1.439118401845296269e-01
1.353690465291341183e-01
1.292590887069702266e-01
1.211154851277669309e-01
1.148635261535644464e-01
1.099861081441243504e-01
1.043907346089680971e-01
1.013895289103190073e-01
9.487820021311442475e-02
9.148737335205078813e-02
8.808386580149332734e-02
8.415517463684081545e-02
8.101365356445312804e-02
7.712963829040526964e-02
7.679688688913981209e-02
7.137158203125000544e-02
6.993408406575521430e-02
6.757938194274902555e-02
6.431831293106078651e-02
6.180302244822184071e-02
6.129920838673909300e-02
5.831876144409179480e-02
5.703790111541748309e-02
5.447254600524902013e-02
5.327113927205403415e-02
5.111685600280761743e-02
4.972240651448568000e-02
4.879539051055908211e-02
4.777400334676106669e-02
4.525451869964599444e-02
4.428594010670979658e-02
4.284808877309163183e-02
4.203574231465657257e-02
4.145890992482503118e-02
3.907994426091512125e-02
3.871048549016316981e-02
3.683558963139851872e-02
3.568788642883300583e-02
3.557534443537394009e-02
3.531984936396281166e-02
3.300863040288289085e-02
3.275918973286946756e-02
3.189559338887532763e-02
3.075057353973388585e-02
2.944934679667154942e-02
2.924826893806457481e-02
2.802263952891032028e-02
2.730977729161580478e-02
2.719984358151753684e-02
2.566846152941386003e-02
2.566904945373535071e-02
2.498029832839965964e-02
2.480314145088195754e-02
2.295847109158833874e-02
2.341784666379292945e-02
2.151610601743062304e-02
2.139078973134358672e-02
2.071067320505777867e-02
2.029120012919108026e-02
2.108636307716369590e-02
1.974835921923319415e-02
1.875332584381103618e-02
1.860324123700459950e-02
1.790685275395711290e-02
1.779334828058878534e-02
1.722528491020202529e-02
1.696667950948079276e-02
1.623960765202840315e-02
1.572957274119059223e-02
1.568643873532613031e-02
1.559166526794433620e-02
1.559469641049703037e-02
1.459029210408528676e-02
1.474762185414632207e-02
1.429888052940368574e-02
1.401355346043904604e-02
1.349561688105265292e-02
1.293312571048736530e-02
1.346539173126220720e-02
1.291512231826782292e-02
1.297968626022338867e-02
1.254946091969807997e-02
1.217243973414103113e-02
1.209073150952657064e-02
1.142274655501047780e-02
1.104884705543518128e-02
1.099487103621164981e-02
1.069471107323964436e-02
