2.313732909138997318e+00
2.586758811632792199e-01
1.731526012420654403e-01
1.278609749952951957e-01
9.956942811806997196e-02
8.125026585261027612e-02
6.893856159845987430e-02
6.116282214323679606e-02
5.056035335858662799e-02
4.472388956944147592e-02
4.176683677434921138e-02
3.636125855644543881e-02
3.130396279096603340e-02
2.744254037936528362e-02
2.437339932918548488e-02
2.494832511544227763e-02
2.107757878303527857e-02
1.781394356489181610e-02
1.688621147473653300e-02
1.499986089468002305e-02
1.437890569965044607e-02
1.296015277902285226e-02
1.271754713058471757e-02
9.987096409002940017e-03
1.070757936040560472e-02
1.021201921701431203e-02
9.048995805780092605e-03
8.366702706615129423e-03
8.481116791069507124e-03
7.578231885532538299e-03
8.378328292071818978e-03
7.037050352493921627e-03
8.313895509640375006e-03
6.903264072537422351e-03
5.125823951760927720e-03
5.319019934286673551e-03
4.878461506962776181e-03
4.991212721665700368e-03
4.949801908805966447e-03
4.856648316979407867e-03
5.680438181757926745e-03
5.588590700427690725e-03
5.514037077128886889e-03
4.144439829140901532e-03
6.116845642030238964e-03
4.747708011418581148e-03
5.612792520721753171e-03
4.284509106228748601e-03
6.856684601803620868e-03
5.122324714561303505e-03
3.864007179439067803e-03
3.874481836458047290e-03
5.457528272767861802e-03
6.289969233671824367e-03
8.643472404281298677e-03
4.483112961550553624e-03
4.078949046631654383e-03
2.916716816276311922e-03
4.953737263381481279e-03
6.448512652516364720e-03
3.587032895286878034e-03
4.886527800559997518e-03
3.693950185676415747e-03
3.090529301390051650e-03
2.690199046830336373e-03
3.568655805786450589e-03
2.855661729971567791e-03
5.523295721908410769e-03
6.270260381201903099e-03
5.835256643344958506e-03
3.132752253363529742e-03
2.634707848976055710e-03
3.585962333778540227e-03
3.438630591829617677e-03
4.779850267370541923e-03
3.238270727793375603e-03
3.168452249219020408e-03
2.544686326632896942e-03
4.132121335963408019e-03
6.538233825564384281e-03
5.568072735021511836e-03
2.583531745026508824e-03
3.600146431724230399e-03
4.510090571890274305e-03
2.864091705779234567e-03
2.785292984048525367e-03
5.805919949958721592e-03
5.239687928060690614e-03
4.434132980213810644e-03
3.063619983692963955e-03
2.512911614527304962e-03
2.435769889503717599e-03
3.923194264620542132e-03
6.326111581921577479e-03
9.628621736665567490e-03
5.125292051831880843e-03
2.200237773855527254e-03
1.791265621781349283e-03
2.126029437780380289e-03
2.415503662824630953e-03
2.747337468216816750e-03
4.454782556494077395e-03
6.310804956654707427e-03
1.100512525439262430e-02
2.980917338778575100e-03
1.949346497034033093e-03
2.386501127295196159e-03
1.991567571212847932e-03
2.042568679650624656e-03
2.482616214205821473e-03
8.964048756659031073e-03
7.205871083959937071e-03
2.900257781023780641e-03
2.207385217150052356e-03
1.962628458440303630e-03
2.262257882704337298e-03
2.241812251011530716e-03
2.344904862344265092e-03
5.879357788960138526e-03
4.908276623239119646e-03
3.069136550525824233e-03
2.052476247648398009e-03
2.332726796716451736e-03
2.115142874419688977e-03
2.507429863264163533e-03
5.778700613727171843e-03
1.048835878322521876e-02
3.538816441098849037e-03
2.138499209533135069e-03
1.884066989024480148e-03
1.902341385930776587e-03
2.549374371518691330e-03
2.989898674935102547e-03
2.876688611755768513e-03
7.191066242257754086e-03
8.007173651705185718e-03
3.861821308235327543e-03
2.071683613707621992e-03
1.838709868490696030e-03
1.933135107407967174e-03
2.194522430747747332e-03
4.236600649853547798e-03
1.054190023317933163e-02
3.189392332732677443e-03
1.995413665349284917e-03
1.787543463210264794e-03
1.995497770607471653e-03
2.752416596313317452e-03
3.344942121207714059e-03
5.737938810388247546e-03
7.984934692581494714e-03
