2.221497551981608254e+00
1.425059826215108183e-01
7.797621595064799238e-02
5.145880161921183304e-02
3.908750897248586265e-02
3.053883545796076335e-02
2.405543033878008649e-02
2.085165325800577771e-02
1.821147757470607809e-02
1.492453722357750014e-02
1.348188858826955203e-02
1.223140867352485658e-02
1.041248186926047037e-02
9.297250074148178875e-03
8.028767436494430032e-03
7.258917873104413568e-03
7.001688637336095193e-03
5.949706622461478113e-03
5.885921810070673423e-03
6.389537058273951457e-03
5.065713968376318703e-03
4.891317137579123502e-03
4.874790940185388249e-03
4.809746789435545740e-03
4.337717764576276037e-03
3.827730518082777741e-03
4.379780285557110728e-03
4.838439314067364064e-03
4.455931442479292570e-03
4.209359009563922761e-03
4.914798163870970349e-03
3.260151496032873825e-03
2.920799322426319115e-03
3.685956292599439684e-03
3.890705672899882027e-03
3.820707566042741334e-03
3.055530719707409432e-03
4.038048552970091402e-03
3.034512909005085673e-03
3.183241154253482665e-03
3.146397559468944692e-03
3.878510758777459645e-03
5.457659824192524246e-03
3.027592550218105409e-03
2.853603506088256934e-03
3.398996714502573041e-03
3.982773614674806929e-03
2.623545418679714292e-03
2.478761195143063933e-03
3.277340944111347375e-03
3.304289055118958193e-03
3.449170850465694931e-03
4.077224706113338759e-03
3.837409434467553906e-03
2.329434552788734510e-03
2.682904675106207327e-03
2.778942389786243604e-03
4.549340321123599741e-03
3.958051481594642394e-03
2.720421629150708304e-03
2.205975966031352778e-03
2.042825058350960198e-03
3.010074613740046801e-03
2.318573400626580076e-03
1.016853168706099118e-02
3.081803126633167206e-03
2.372548987468083796e-03
1.907534260302782159e-03
1.932461105038722413e-03
2.244778662671645646e-03
2.552142680436372910e-03
1.116929287612438218e-02
3.224893257270256691e-03
1.817173002784450890e-03
1.715962621817986120e-03
1.774952873835961053e-03
2.482137129828333993e-03
2.766368699943025800e-03
5.598620880146821209e-03
3.754485627512136985e-03
2.646107133477926168e-03
2.503938559194405881e-03
2.553688444197177877e-03
2.258181756734848125e-03
4.339399446795384405e-03
4.459057075033585026e-03
1.798523149887720730e-03
1.724221022302905790e-03
2.156617950648069375e-03
2.232474055141210525e-03
3.131976512074470358e-03
2.893465610593557499e-03
3.746109643578529515e-03
1.837056858837604438e-03
1.823412882785002383e-03
2.549175356328487428e-03
2.463820577412843913e-03
6.557336908578872275e-03
2.818677835414807112e-03
1.927752787433564558e-03
1.522952651977538957e-03
1.638070768117904719e-03
2.423582429687182183e-03
3.106271080176035374e-03
3.866547352075576718e-03
5.788665606081485476e-03
2.505071352173884880e-03
1.443886060764392127e-03
1.441754353294769911e-03
1.709608514731129078e-03
2.007577189554770724e-03
1.896161277095476713e-03
5.543421293298403559e-03
2.956299307942390243e-03
1.842478347569703962e-03
1.635002992798884752e-03
1.839115472137928036e-03
2.458767748624086490e-03
4.598033592104911610e-03
2.596764469643434055e-03
5.051981308000783391e-03
3.079478484143813657e-03
2.546055327604214349e-03
2.356748072306315105e-03
1.758963821828365233e-03
1.960910354803005722e-03
4.318799336254596985e-03
6.608794116973877066e-03
3.542390839507182383e-03
1.577018148203690765e-03
1.505897015084822895e-03
1.544151035944620661e-03
2.326583228756983965e-03
2.295256860554218455e-03
6.120790595312913633e-03
5.311611030250787922e-03
2.228736493239799957e-03
1.457503345484534828e-03
1.688847471773624338e-03
1.754079836855331961e-03
2.130621708432833307e-03
3.299374500910441047e-03
5.885991965482632350e-03
5.465138552834590199e-03
2.324511635551849888e-03
1.547422386705875341e-03
1.531894168630242373e-03
1.802665229638417610e-03
2.643765873461961791e-03
1.114141129553317990e-02
3.914930041382710252e-03
