2.308345377858479708e+00
3.349123545964559079e-01
2.510988326708475937e-01
2.055919179916381734e-01
1.761540951251983622e-01
1.502557377656300874e-01
1.339278353214263806e-01
1.242064114173253436e-01
1.091038796106974240e-01
9.972608915964761844e-02
8.962983849048614116e-02
8.766930786768595274e-02
7.641164058844247819e-02
7.012391849756241524e-02
7.010480684439340804e-02
6.136777155399322781e-02
5.488562533458073850e-02
5.270883839925129960e-02
4.938843007485071990e-02
4.483630174001058261e-02
4.222988804181417033e-02
3.904667585293451759e-02
3.740317733287810975e-02
3.671857183774312333e-02
3.598544678688049558e-02
3.069917881091435707e-02
3.029053645531336325e-02
2.798669765790303549e-02
2.590759446620941042e-02
2.410874556303024135e-02
2.176491560141245382e-02
2.454071077903111769e-02
2.083302612503369622e-02
2.072986255884170376e-02
1.807062980930010387e-02
1.995131714741388979e-02
1.744349251190821168e-02
1.643299988905588815e-02
1.788311517238616935e-02
1.495744414528210955e-02
1.569518021146456416e-02
1.549572875499725423e-02
1.267748565475146014e-02
1.394177276094754614e-02
1.690713609059651609e-02
1.114806050260861749e-02
1.261982735544443096e-02
1.097439236342906931e-02
1.088694483339786544e-02
1.125054662227630529e-02
1.038631513019402756e-02
1.117887664039929688e-02
9.132767572999000646e-03
9.295547186334927880e-03
8.845201455553373254e-03
8.647433291872341776e-03
8.431968905528386404e-03
1.019062599043051368e-02
9.120454669992129546e-03
8.387351994713148143e-03
1.135567674438158620e-02
8.911190847555795769e-03
7.801416287322839385e-03
7.684976891676584612e-03
8.336683392524718572e-03
8.137357794245084208e-03
6.929952750603357754e-03
7.694231974085172059e-03
8.639844522873561111e-03
8.361700568596521985e-03
8.494675688942273165e-03
8.138535542289415323e-03
9.886194449663161798e-03
6.684806892275810264e-03
6.047189672291278760e-03
6.050992348293463344e-03
6.773914866646130531e-03
7.166453140974044650e-03
7.054627004265785588e-03
7.644331943988800192e-03
7.379864036043484905e-03
8.178324737151463839e-03
7.455174780885378237e-03
7.462175852060317846e-03
6.407964189847310116e-03
5.918586503962675396e-03
6.547132673859596373e-03
8.502994314829507780e-03
6.270748817423979667e-03
5.151657881836096790e-03
6.320506842434406129e-03
5.130989997585614672e-03
1.176526449521382578e-02
6.599602736035982582e-03
5.317454789082209400e-03
5.819710730512937108e-03
6.989326908687750611e-03
5.187483628590902097e-03
6.167786519726117800e-03
9.681277664502462021e-03
6.175963720679283203e-03
6.476368338863054512e-03
6.519102499882379990e-03
7.505609219272931301e-03
6.396272882322470016e-03
6.067047683397929284e-03
5.467369836320479584e-03
5.828078320125738843e-03
7.036319513867298620e-03
9.368019511302312988e-03
5.697619962692261099e-03
7.615176749229431510e-03
5.866653078794479073e-03
5.286792459090550525e-03
5.446807784338792389e-03
7.187228335688511209e-03
6.945805467168489865e-03
6.757896006107330135e-03
5.308005563914776175e-03
4.797729522983232818e-03
5.426484253505866120e-03
5.190609435240427574e-03
5.451702904452879889e-03
5.162981072068214758e-03
6.833625791470209973e-03
6.188656482100486980e-03
5.886589932441711748e-03
5.978658298651377476e-03
4.954982346296310340e-03
6.451166774580876367e-03
8.122802788515886413e-03
7.152516320347785880e-03
7.324065236250559309e-03
4.950687205791473762e-03
5.513976422945657957e-03
6.784859388073285168e-03
5.669080021480719066e-03
6.240640120208263038e-03
4.809405948718388675e-03
5.754573336243629100e-03
4.946226255098979015e-03
5.540376666188239624e-03
6.315483865638574050e-03
6.901906808217366483e-03
7.185288188854853375e-03
5.153653468191623718e-03
5.931959851582844709e-03
9.617111844817796684e-03
8.407977694272995503e-03
5.064268730084101056e-03
4.752303133408228297e-03
