2.319941147460937714e+00
2.496552272949218665e+00
4.131128024902343654e+00
5.505824936523437074e+00
1.240426536865234297e+00
1.372882534790039077e+00
1.316337577514648416e+00
1.360715889892578190e+00
9.779490313720703432e-01
1.142364481811523502e+00
1.163854555664062485e+00
7.577604351806640492e-01
1.556056151123046849e+00
1.393156625366210877e+00
1.429192907714843752e+00
1.323412661743164076e+00
5.600225476074218722e-01
1.270695369873046765e+00
6.856279943847656266e-01
9.805274639892578303e-01
6.555990640258788638e-01
8.247245983886718479e-01
1.932567297363281256e+00
8.202745941162109533e-01
7.528004785156250378e-01
1.689247811279296796e+00
9.351290051269530723e-01
6.290786761474609357e-01
5.728963787841796496e-01
7.381188269042968653e-01
5.564398114013672236e-01
9.441942950439453641e-01
3.939206301879882854e-01
1.472023614501953181e+00
7.847997119140625033e-01
4.293304190063476633e-01
1.066382053222656223e+00
9.060918652343750157e-01
3.035649194335937606e-01
7.828696923828124543e-01
1.106101854248046967e+00
4.364368173217773594e-01
4.833261135864257985e-01
8.024542272949218846e-01
4.779009921264648630e-01
2.494635466003417845e-01
1.640274018859863292e-01
2.599214892578124991e-01
3.243140011596679639e-01
1.058221621704101612e+00
3.725056738281249946e-01
4.644054226684570241e-01
1.950122467041015550e-01
3.663318087768554498e-01
2.832413842773437440e-01
4.641796859741210701e-01
2.207157765197753918e-01
5.285812585449218837e-01
4.478466625976562643e-01
4.669480322265625039e-01
2.608708671569824333e-01
4.738249496459960852e-01
1.085492825317382753e-01
1.856389858398437509e+00
1.319191420745849663e-01
5.083544726562500005e-01
1.221236613159179640e+00
1.734905335998535025e-01
6.787202621459961227e-01
3.289843707275390550e-01
1.140615659332275406e-01
4.355164321899414048e-01
1.775855920410156219e-01
1.231687549591064385e-01
1.728586225891113326e-01
2.687037373352050840e-01
2.136184178161621150e-01
7.548601464843750497e-01
7.259870739746093760e-01
1.678050405883789176e-01
6.151020043945312210e-01
1.981295500183105351e-01
2.763219017028808455e-01
1.420284352111816362e-01
3.032945399475097670e-01
2.845035661315917785e-01
2.951326255798339959e-01
4.755411701965331916e-01
4.490551824951171667e-01
4.384181118774413966e-01
1.627672031860351476e+00
4.289514788818359348e-01
2.001879359436035122e-01
1.401747940063476638e-01
1.456179247283935496e-01
2.638822668457031506e-01
2.585285566711425509e-01
2.747751464843750102e-01
1.283508704833984382e+00
4.693659106445312590e-01
6.561963394165039043e-01
2.778394699096679576e-01
5.483435867309570666e-01
4.043915020751953082e-01
7.246596746826171609e-01
7.546888061523437941e-01
2.007849961090087954e-01
4.435617162704467986e-02
1.089517046737670941e-01
8.337303680419921870e-01
1.162482176208496087e-01
1.116024409790039140e+00
2.074093090820312568e+00
3.802938232421875231e-01
2.329704667663574091e-01
1.174429457092285162e-01
2.180168186950683651e-01
1.360540542602539094e-01
3.189394624328613093e-01
2.859312549591064290e-02
4.347245639038085918e-01
7.639254409790038891e-02
1.078352073192596385e-02
4.440935635566711261e-03
9.172530541419983419e-03
1.830878872871398834e-03
1.518778405189514244e-03
1.457217727899551415e-03
1.632398484945297209e-03
2.005063223838806068e-03
1.931676180362701346e-03
1.281420882940292405e-03
1.551677981615066579e-03
3.581670315265655501e-03
1.682330535650253213e-03
5.308952487945556298e-02
5.052149331665038989e-01
6.090797506713867548e-01
3.789981912231445427e-01
5.705117346191406202e-01
6.548651458740234466e-01
5.200059817504882886e-01
1.673684214782714952e-01
1.664548126220703139e+00
2.064793192863464272e-02
2.337592691040039083e-01
5.058341468811035357e-02
7.221277788162230871e-02
7.281213436126708627e-02
1.468732091426849448e-02
4.738549582958221512e-03
