7.107230878200158400e+16
1.821758980712890663e+00
1.846148812255859362e+00
1.072776325683593823e+00
1.028522600097656170e+00
1.007532210083007751e+00
9.251234777832031408e-01
1.128739318237304667e+00
8.353203692626952614e-01
8.871970202636718650e-01
7.816726919555664344e-01
7.854082168579101797e-01
7.996772259521484072e-01
9.367280133056640201e-01
6.498333322143554636e-01
7.037445092773437771e-01
5.440142938232421788e-01
6.078783355712890080e-01
5.798098370361327580e-01
7.592966491699219000e-01
4.802647778320312533e-01
4.775699765014648213e-01
4.696283425903320374e-01
4.258839581298828336e-01
4.871911108398437329e-01
4.002512799072265870e-01
5.259761883544922245e-01
4.559752703857422040e-01
3.273569143676757776e-01
3.510366136169433826e-01
3.445198094177245873e-01
2.745140272521972569e-01
4.623322586059570583e-01
4.464635382080078263e-01
3.463381976318359312e-01
2.134506147766113415e-01
3.197524096679687511e-01
2.574224392700195096e-01
2.868614497375488459e-01
2.746906791687011573e-01
4.247387243652343547e-01
2.202516621398925845e-01
1.955624700164795005e-01
1.534853784179687486e-01
3.030670594787597816e-01
2.446785522460937501e-01
3.484810766601562637e-01
1.809869972229004031e-01
1.618970533752441543e-01
1.622491732025146405e-01
2.279404619598388582e-01
1.812095919799804611e-01
1.272282740020752034e-01
2.116600779724120973e-01
1.742792071533203202e-01
2.371091360473632781e-01
1.946173234558105369e-01
1.719801040649414081e-01
1.692737598419189471e-01
1.675394900512695295e-01
1.116958960723876959e-01
1.894172363281249882e-01
2.235550997924804772e-01
2.067563671875000120e-01
3.197967059326171646e-01
1.916144937133789083e-01
1.036191507339477569e-01
3.464789930725097888e-01
2.294783079528808500e-01
1.155379644012451135e-01
1.723205498504638555e-01
1.226594729614257778e-01
2.093353944396972588e-01
2.192447274780273403e-01
2.720966537475585922e-01
2.516835205078125082e-01
3.017112278747558496e-01
1.273887760162353555e-01
7.659251586914062049e-02
1.096347757720947252e-01
8.414187583923339597e-02
1.449856786346435666e-01
9.960835624694824864e-02
1.308101472473144622e-01
1.634182465362548908e-01
2.440439094543457033e-01
1.927963825988769642e-01
1.765685107421874900e-01
1.934077099609375072e-01
1.358138646697998053e-01
1.254965713882446321e-01
1.090842472839355509e-01
8.646929515838623626e-02
1.276332565307617128e-01
8.910380764007568011e-02
9.970575584411621450e-02
5.675728019714355171e-02
1.635137912750244116e-01
1.733787014007568406e-01
1.253681225585937531e-01
9.029740695953368534e-02
1.795675498962402417e-01
9.058444129943847567e-02
6.129171714782714886e-02
6.839217546463012554e-02
9.604331802368164250e-02
4.189322605133056349e-02
9.137017461776733573e-02
6.618593511581420674e-02
2.566806086730957226e-01
1.693052622985839750e-01
3.329285224914551033e-01
1.125138266372680690e-01
1.089910490798950138e-01
5.642467548370361241e-02
7.510299083709716383e-02
2.743862643241882365e-02
1.146027021408081020e-02
8.525650405883789321e-03
1.051736891746521060e-02
4.163051908016204838e-03
9.673182289600372116e-03
1.990645848274230981e-02
1.292466615295410071e-01
6.681207907104491639e-01
3.965125688171386442e-01
1.502978885650634866e-01
1.425474583053588928e-01
3.102898910522461015e-02
2.873387372970580972e-02
1.270978442192077611e-02
6.645386168956756226e-03
5.901552734375000060e-03
4.914710597991943375e-03
3.580974481105804290e-03
6.580663681030273458e-03
2.583102692365646467e-03
3.679964449405670208e-03
2.893389711380004933e-03
3.773096502304076894e-02
1.004756309204101639e+00
3.372449066162109266e-01
2.226627674865722661e-01
5.554062763214111242e-02
4.695145421981811867e-02
1.811372394561767615e-02
1.021057194232940710e-02
6.804860453605651553e-03
6.992468347549438829e-03
6.010577893257141452e-03
5.597124011516570879e-03
