2.303554879150390811e+00
2.303445781250000213e+00
2.302958483886718533e+00
2.302835389404296773e+00
2.302989760742187642e+00
2.302857788085937329e+00
2.302722601318359263e+00
2.302811169433593541e+00
2.302976379394531037e+00
2.302959433593750216e+00
2.302822565917968856e+00
2.302772354736327909e+00
2.302675533447265721e+00
2.302725378417968649e+00
2.302664506835937708e+00
2.302637075195312466e+00
2.302653717041015735e+00
2.302672624511718613e+00
2.302653638916015488e+00
2.302744882812500116e+00
2.302641518554687572e+00
2.302607021484374794e+00
2.302635925292968899e+00
2.302632043457031319e+00
2.302625819091796977e+00
2.302686486816406308e+00
2.302632083740234314e+00
2.302610435791015764e+00
2.302631019287109559e+00
2.302625371093749873e+00
2.302603566894531273e+00
2.302606776123047094e+00
2.302615692138672010e+00
2.302591496582031105e+00
2.302591134033203257e+00
2.302589831542968923e+00
2.302606916503906032e+00
2.302598798828125126e+00
2.302595655517578166e+00
2.302592427978515488e+00
2.302597731933593739e+00
2.302590273437500112e+00
2.302598536376953220e+00
2.302595040283203165e+00
2.302587825927734588e+00
2.302591613769531254e+00
2.302589133300781299e+00
2.302589141845702958e+00
2.302589281005859245e+00
2.302590249023437341e+00
2.302619416503906447e+00
2.302589615478515483e+00
2.302589129638672016e+00
2.302587591552734292e+00
2.302589320068359591e+00
2.302590668945312391e+00
2.302595650634765789e+00
2.302587169189453054e+00
2.302591876220703160e+00
2.302587828369140777e+00
2.302588859863281101e+00
2.302591060791015831e+00
2.302588415527343724e+00
2.302591149902343926e+00
2.302586652832031344e+00
2.302589479980468923e+00
2.302590595703124965e+00
2.302587460937500108e+00
2.302587159423828300e+00
2.302590163574218529e+00
2.302592947998046924e+00
2.302588559570312388e+00
2.302586781005859340e+00
2.302585568847656194e+00
2.302587139892577905e+00
2.302590333251953059e+00
2.302589250488281447e+00
2.302587335205078301e+00
2.302587552490234390e+00
2.302587464599609390e+00
2.302585971679687482e+00
2.302588190917968625e+00
2.302586254882812433e+00
2.302589539794921869e+00
2.302586130371093720e+00
2.302587374267578202e+00
2.302585959472656096e+00
2.302587656250000059e+00
2.302588177490234589e+00
2.302587017822265825e+00
2.302587340087890677e+00
2.302586622314453102e+00
2.302587114257812484e+00
2.302601955566406122e+00
2.302586313476562285e+00
2.302586146240234388e+00
2.302586534423828102e+00
2.302587657470703153e+00
2.302587342529296865e+00
2.302586688232421963e+00
2.302590932617187391e+00
2.302586522216796716e+00
2.302585694580078002e+00
2.302586959228515529e+00
2.302586099853515478e+00
2.302586448974609290e+00
2.302586580810547012e+00
2.302587355957031345e+00
2.302586784667968622e+00
2.302587608642578054e+00
2.302586214599609438e+00
2.302591406249999917e+00
2.302586853027343672e+00
2.302587910156249862e+00
2.302588059082031346e+00
2.302586042480468720e+00
2.302586596679687680e+00
2.302586228027343918e+00
2.302586633300781394e+00
2.302587141113281444e+00
2.302586798095703102e+00
2.302585753173828298e+00
2.302587320556640726e+00
2.302586405029297012e+00
2.302586350097656442e+00
2.302588116455078104e+00
2.302585617675781293e+00
2.302585714111327952e+00
2.302585877685547011e+00
2.302585751953125204e+00
2.302586444091796913e+00
2.302591116943359495e+00
2.302585733642577903e+00
2.302585814208984338e+00
2.302586563720703250e+00
2.302586341552734339e+00
2.302586046142578002e+00
2.302586368408203299e+00
2.302585972900390576e+00
2.302585852050781146e+00
2.302585590820312333e+00
2.302586370849609487e+00
2.302586292724609240e+00
2.302587390136718870e+00
2.302586713867187385e+00
2.302586190185546666e+00
2.302587272949218722e+00
2.302585698242187284e+00
2.302585991210937433e+00
2.302587072753906394e+00
2.302588631591796720e+00
