2.302588327636718724e+00
2.302586839599609192e+00
2.302586466064453052e+00
2.302586614990234537e+00
2.302586904296874959e+00
2.302587891845703005e+00
2.302586163330078151e+00
2.302585894775390774e+00
2.302586319580078200e+00
2.302585720214843867e+00
2.302587574462890530e+00
2.302586766357421766e+00
2.302588200683593822e+00
2.302585617675781293e+00
2.302589617919921672e+00
2.302585694580078002e+00
2.302588255615234392e+00
2.302586773681640775e+00
2.302587379150390579e+00
2.302587292480468673e+00
2.302585732421874809e+00
2.302587263183593969e+00
2.302585792236328199e+00
2.302586147460937482e+00
2.302586329345702953e+00
2.302586856689452954e+00
2.302586621093750008e+00
2.302586903076171865e+00
2.302586506347656048e+00
2.302586180419921913e+00
2.302589034423828007e+00
2.302587758789062633e+00
2.302587149658203103e+00
2.302586217041015626e+00
2.302586560058593967e+00
2.302586571044921815e+00
2.302587460937500108e+00
2.302588510742187289e+00
2.302586195068359487e+00
2.302586961669921717e+00
2.302585948486328249e+00
2.302586381835937335e+00
2.302588969726562684e+00
2.302588292236328105e+00
2.302590023193359592e+00
2.302588591308593724e+00
2.302586177978515725e+00
2.302586724853515676e+00
2.302586362304687384e+00
2.302586063232421765e+00
2.302586276855468572e+00
2.302587145996093820e+00
2.302586680908202954e+00
2.302586551513671864e+00
2.302586297607422061e+00
2.302587552490234390e+00
2.302587017822265825e+00
2.302587004394531345e+00
2.302586657714843721e+00
2.302587005615234439e+00
2.302585299072265723e+00
2.302586832275390627e+00
2.302591125488281154e+00
2.302586313476562285e+00
2.302585803222656047e+00
2.302589052734374864e+00
2.302588336181640827e+00
2.302586689453125057e+00
2.302585255126953001e+00
2.302586889648437385e+00
2.302586383056640429e+00
2.302586213378906344e+00
2.302586646728515429e+00
2.302588181152343871e+00
2.302587363281249910e+00
2.302586260986327904e+00
2.302586551513671864e+00
2.302586513671875057e+00
2.302586861572265775e+00
2.302586123046875155e+00
2.302588232421875158e+00
2.302592399902343878e+00
2.302589501953125062e+00
2.302586728515624959e+00
2.302591645507812590e+00
2.302586190185546666e+00
2.302588979492187438e+00
2.302609552001952942e+00
2.302586805419921667e+00
2.302586262207031442e+00
2.302586781005859340e+00
2.302587600097656395e+00
2.302588387451171670e+00
2.302611127929687473e+00
2.302587603759765678e+00
2.302587717285156099e+00
2.302587126464843870e+00
2.302588129882812584e+00
2.302605257568359320e+00
2.302586342773437433e+00
2.302599262695312454e+00
2.302592325439452914e+00
2.302586983642578300e+00
2.302587537841796816e+00
2.302588234863281347e+00
2.302589134521484393e+00
2.302587503662109292e+00
2.302591701660156254e+00
2.302588746337890679e+00
2.302586546630859488e+00
2.302586645507812335e+00
2.302585961914062285e+00
2.302589184570312586e+00
2.302592127685546775e+00
2.302585805664062679e+00
2.302588400878906150e+00
2.302588120117187387e+00
2.302585905761718621e+00
2.302588220214843773e+00
2.302587961425781149e+00
2.302587779541015678e+00
2.302586101074218572e+00
2.302587321777343821e+00
2.302587666015624812e+00
2.302586218261718720e+00
2.302587651367187682e+00
2.302589122314453007e+00
2.302587641601562485e+00
2.302586003417968818e+00
2.302586048583984191e+00
2.302586942138671766e+00
2.302587999267577956e+00
2.302599534912109558e+00
2.302587341308593771e+00
2.302586125488281343e+00
2.302585762939453051e+00
2.302585960693359191e+00
2.302592447509765439e+00
2.302586394042968720e+00
2.302586677246093672e+00
2.302585651855468818e+00
2.302585769042968966e+00
2.302608804931640663e+00
2.302586503906249860e+00
2.302586800537109291e+00
2.302590339355468529e+00
2.302587692871093772e+00
2.302586671142578201e+00
2.302586934814453201e+00
2.302586914062500156e+00
2.302587139892577905e+00
