2.319531542968749971e+00
1.867858408203125098e+00
1.422301859130859381e+00
3.679893002929687462e+00
1.592503725585937557e+00
1.866182413330078171e+00
8.750094946289062037e-01
9.316869238281250132e-01
9.074382476806640563e-01
2.167092264404296920e+00
1.282687499999999980e+00
8.697355389404296533e-01
7.284090945434570363e-01
8.810285162353516109e-01
1.050111774291992095e+00
7.739974829101562426e-01
1.453905625610351526e+00
7.119645574951172229e-01
8.805951660156250416e-01
1.713397064208984411e+00
1.502091071166992142e+00
8.744692260742187306e-01
1.148136087646484338e+00
6.183983828735351018e-01
8.331220837402343316e-01
4.296789114379883090e-01
1.671058620605468725e+00
2.739995172119140676e+00
3.459811189270019516e-01
6.931012179565430031e-01
1.355262318725585891e+00
1.940036156005859436e+00
7.709808538818359036e-01
4.092206921386718488e-01
2.545342182922363250e-01
1.087858514404296928e+00
4.185434248046875361e+00
1.076847578735351529e+00
3.379833027648925792e-01
8.415666638183594284e-01
3.570584741210937607e-01
8.438118444824218578e-01
9.679064660644530749e-01
1.560144820404052723e-01
5.451920672607422080e-01
1.592936958312988205e-01
3.356383372497558359e-01
1.474761213378906310e+00
5.527221746826171955e-01
2.333367974853515492e-01
7.188581979370116670e-01
2.592163858032226487e-01
3.313174340820312480e+00
1.168975177612304739e+00
1.458295623779296835e-01
1.533350351562499991e+00
1.359131050415039121e+00
1.718534700775146418e-01
1.539376721191406228e+00
1.802063971710205215e-01
1.976005734252929691e-01
7.721402740478515714e-01
1.621069569396972609e-01
2.602921926269531117e+00
1.238458911132812451e-01
1.705132070159912083e-01
2.346632307128906358e+00
4.675648651123046617e-01
3.758412509155273362e-01
1.232636478271484481e+00
1.878367542266845824e-01
2.664683197021484595e-01
8.810719342041015700e-01
3.060784051513671944e-01
9.658853740692138756e-02
2.364481991577148390e-01
1.498686336517333906e-01
1.499115902709960979e-01
1.267205116577148516e+00
1.783325097656250080e-01
1.561181340026855380e-01
2.533028060913086188e-01
3.846509677124023696e-01
5.180492247009277351e-01
7.948065997314452957e-01
4.715483438110351644e-01
1.114019881591796768e+00
2.244302453613281345e-01
2.063073718261718703e-01
5.264527750015259022e-02
1.959331542205810517e-01
8.080337734222411972e-02
1.639143974304199114e-01
1.548179031982421794e+00
3.784390243530273423e-01
2.505484962463379039e-01
5.208279959106445478e-01
2.254595094299316482e-01
1.297486074066162010e-01
1.298193968200683501e-01
9.300017418861388982e-03
1.113428138732910216e-02
1.596068216323852373e-02
2.661247718334197945e-03
3.405076906681060896e-03
4.106423132419586251e-03
2.839614640474319267e-03
2.426770482063293332e-03
1.960513205528259442e-03
3.688354191780090531e-03
1.559758178591728276e-03
1.415501495599746787e-03
1.558383448719978265e-03
2.252837259769439621e-03
6.823022718429565606e-03
1.275974225997924816e-01
4.760831478881835666e-01
6.105141076660156596e-01
3.731845460510254120e-01
2.638393798828124748e-01
2.106730371093749887e-01
2.054729057312011664e-01
3.354249194335937601e-01
7.144080112457275311e-02
7.216649707794189905e-02
2.250546080017089834e-01
6.721108865356445472e-01
4.125182533264160067e-02
9.274158679962157814e-02
2.998603857421874852e-01
1.200163220214843784e+00
1.175556277465820365e+00
2.561852570343017832e-01
4.467850344848632860e-01
9.445527629852294715e-02
1.453256849365234471e+00
2.648324573516845637e-02
1.200256673336029013e-02
7.190158271789550380e-03
1.814131680488586390e-02
2.911340236663818425e-03
1.586113201379776025e-03
1.599878128767013652e-03
1.895369175672531039e-03
1.466854784488678086e-03
2.975352684259414873e-03
4.571029791831970543e-03
1.650506280660629221e-03
2.126577689647674626e-03
2.962545560598373300e-03
1.121265240192413290e-02
