2.306337542724609335e+00
2.303273149414062360e+00
2.303177623291015497e+00
2.303708707275390566e+00
2.302971392822265706e+00
2.303192947998046858e+00
2.303291879882812587e+00
2.302823703613281037e+00
2.302911842041015511e+00
2.302977685546875097e+00
2.303321248779296671e+00
2.302974052734374943e+00
2.302875012207031169e+00
2.302825183105468909e+00
2.303162968750000150e+00
2.302877058105468944e+00
2.302949050292968813e+00
2.302797832031250103e+00
2.302736798095703197e+00
2.303002661132812712e+00
2.302751437988281413e+00
2.302744790039062295e+00
2.302727143554687661e+00
2.302696340332031077e+00
2.302897774658203112e+00
2.302687756347656212e+00
2.302635236816406028e+00
2.302650169677734393e+00
2.302621341552734346e+00
2.302599411621093939e+00
2.302750538330077923e+00
2.302643017578124951e+00
2.302628513183593739e+00
2.302648339843750058e+00
2.302670645751953238e+00
2.302634189453125035e+00
2.302605489501952984e+00
2.302622735595702963e+00
2.302634409179687314e+00
2.302634530029296744e+00
2.302611942138671708e+00
2.302636571044921698e+00
2.302624177246093584e+00
2.302596550292968836e+00
2.302625318603515492e+00
2.302593651123046925e+00
2.302594417724609155e+00
2.302600535888672084e+00
2.302593874511718930e+00
2.302597335205077922e+00
2.302606138916015510e+00
2.302590659179687638e+00
2.302604837646484270e+00
2.302599617919921737e+00
2.302604799804687463e+00
2.302615643310546911e+00
2.302600971679687358e+00
2.302591718750000016e+00
2.302594013671875217e+00
2.302604315185547090e+00
2.302595743408203166e+00
2.302598536376953220e+00
2.302591779785156056e+00
2.302592116699218927e+00
2.302591239013672020e+00
2.302589166259765729e+00
2.302586179199218819e+00
2.302594554443359254e+00
2.302586815185546865e+00
2.302590920410156450e+00
2.302585893554687679e+00
2.302586624755859290e+00
2.302589969482421672e+00
2.302591951904296774e+00
2.302589654541015829e+00
2.302590166015625162e+00
2.302593151855468534e+00
2.302586951904296964e+00
2.302587624511718722e+00
2.302588293457031199e+00
2.302587775878906395e+00
2.302588310546874961e+00
2.302589345703125012e+00
2.302596135253906162e+00
2.302587799072265629e+00
2.302588483886718773e+00
2.302589560546874914e+00
2.302587495117187633e+00
2.302587467041015579e+00
2.302588541259765531e+00
2.302587823486327956e+00
2.302587419433593574e+00
2.302588287353515728e+00
2.302587265625000157e+00
2.302588193359374813e+00
2.302587741699218871e+00
2.302586759033203201e+00
2.302588310546874961e+00
2.302587176513672063e+00
2.302587965087890431e+00
2.302586931152343919e+00
2.302587679443359292e+00
2.302588123779296669e+00
2.302586571044921815e+00
2.302586105957031393e+00
2.302585812988281244e+00
2.302585802001952953e+00
2.302587144775390726e+00
2.302587543945312287e+00
2.302588236083984441e+00
2.302588358154296966e+00
2.302587030029296766e+00
2.302588818359375011e+00
2.302587124023437681e+00
2.302586594238281048e+00
2.302585675048828051e+00
2.302588017578124813e+00
2.302587937011718822e+00
2.302588848876953254e+00
2.302587758789062633e+00
2.302586842041015824e+00
2.302586533203125008e+00
2.302586177978515725e+00
2.302587648925781050e+00
2.302587059326171914e+00
2.302587985839843920e+00
2.302586297607422061e+00
2.302587819824218673e+00
2.302586766357421766e+00
2.302586257324218622e+00
2.302586202392578052e+00
2.302586623535156196e+00
2.302587314453124812e+00
2.302587393798828153e+00
2.302586738281250156e+00
2.302587602539062583e+00
2.302586722412109488e+00
2.302586491699218918e+00
2.302586343994140528e+00
2.302587805175781099e+00
2.302587189941406098e+00
2.302586685791015775e+00
2.302587570800781247e+00
2.302588366699218625e+00
2.302586682128906048e+00
2.302586405029297012e+00
2.302585755615234486e+00
2.302587863769531396e+00
2.302586226806640823e+00
2.302586405029297012e+00
2.302586865234375058e+00
