2.302587802734374911e+00
2.302588448486328154e+00
2.302586665039062286e+00
2.302586340332031245e+00
2.302585692138671813e+00
2.302587092285156345e+00
2.302585953369140626e+00
2.302586013183593572e+00
2.302586586914062483e+00
2.302585989990234339e+00
2.302586744384765627e+00
2.302586103515625204e+00
2.302585898437500056e+00
2.302588104248046719e+00
2.302586925048828004e+00
2.302586297607422061e+00
2.302585739746093818e+00
2.302586534423828102e+00
2.302585701904297011e+00
2.302586142578125106e+00
2.302585950927734437e+00
2.302587363281249910e+00
2.302587473144531049e+00
2.302587137451171717e+00
2.302586666259765824e+00
2.302586839599609192e+00
2.302585722656250056e+00
2.302585991210937433e+00
2.302586707763671914e+00
2.302585717773437679e+00
2.302587491455077906e+00
2.302588427734375109e+00
2.302585968017578200e+00
2.302590281982421772e+00
2.302585681152343966e+00
2.302592641601562296e+00
2.302586317138672012e+00
2.302587094726562533e+00
2.302585979003906047e+00
2.302588724365234540e+00
2.302592967529296875e+00
2.302586419677734586e+00
2.302585865478515625e+00
2.302588691406250110e+00
2.302587105712890825e+00
2.302586748046874909e+00
2.302587075195312583e+00
2.302587419433593574e+00
2.302587215576171964e+00
2.302586608886718622e+00
2.302586339111328151e+00
2.302585913085937630e+00
2.302586016845703298e+00
2.302586435546874810e+00
2.302587003173828251e+00
2.302586844482422013e+00
2.302588524169921769e+00
2.302586379394531146e+00
2.302588088378906050e+00
2.302587591552734292e+00
2.302587088623047062e+00
2.302586440429687631e+00
2.302585910644531442e+00
2.302586928710937286e+00
2.302587244873046668e+00
2.302605449218749989e+00
2.302586586914062483e+00
2.302588992919921917e+00
2.302587084960937336e+00
2.302587510986328301e+00
2.302585936279296863e+00
2.302587647705077956e+00
2.302587709960937534e+00
2.302587557373046767e+00
2.302586888427734291e+00
2.302586809082031394e+00
2.302586301269531344e+00
2.302585388183593818e+00
2.302588629150390531e+00
2.302587707519531346e+00
2.302586510009765774e+00
2.302587221679687435e+00
2.302585699462890823e+00
2.302588194580077907e+00
2.302586650390625156e+00
2.302586838378906098e+00
2.302591105957031203e+00
2.302586923828124910e+00
2.302590974121093925e+00
2.302597000732421684e+00
2.302586392822265626e+00
2.302589774169921721e+00
2.302587291259765578e+00
2.302586590576171766e+00
2.302610341796874849e+00
2.302586076660156245e+00
2.302587426757812583e+00
2.302617901611327955e+00
2.302591121826171872e+00
2.302587097167968722e+00
2.302587379150390579e+00
2.302589874267578107e+00
2.302589178466796671e+00
2.302588713378906249e+00
2.302586580810547012e+00
2.302586372070312581e+00
2.302586644287109241e+00
2.302589237060546967e+00
2.302602884521484317e+00
2.302596434326171781e+00
2.302587552490234390e+00
2.302585994873046715e+00
2.302587337646484489e+00
2.302586190185546666e+00
2.302588829345703303e+00
2.302587111816406296e+00
2.302588742675781397e+00
2.302585825195312630e+00
2.302585943603515428e+00
2.302586572265624909e+00
2.302585305175781194e+00
2.302587210693359587e+00
2.302586752929687286e+00
2.302587825927734588e+00
2.302587486572265529e+00
2.302586544189453299e+00
2.302586496582031295e+00
2.302586429443359339e+00
2.302586644287109241e+00
2.302592204589843927e+00
2.302594754638672025e+00
2.302587198486328202e+00
2.302586590576171766e+00
2.302587326660156197e+00
2.302587550048828202e+00
2.302586668701172012e+00
2.302587509765625207e+00
2.302588875732421769e+00
2.302588311767578055e+00
2.302586844482422013e+00
2.302586032714843967e+00
2.302586701660156443e+00
2.302586270751953101e+00
2.302587794189453252e+00
2.302588114013671916e+00
2.302588339843750109e+00
2.302586032714843967e+00
2.302586483154296815e+00
2.302586037597656343e+00
2.302586269531250007e+00
2.302586219482421814e+00
