2.367588391113281343e+00
1.831377792968750029e+00
1.591949421386718688e+00
1.530621801757812595e+00
1.496391650390624939e+00
1.419158823242187450e+00
1.430767456054687470e+00
1.384658198242187499e+00
1.333584985351562446e+00
1.294567014160156182e+00
1.293480678710937415e+00
1.274546704101562566e+00
1.236060541992187511e+00
1.209823638916015520e+00
1.200675639648437487e+00
1.192668422851562493e+00
1.175965859374999978e+00
1.172068442382812492e+00
1.148495385742187569e+00
1.131447241210937538e+00
1.120747176513671839e+00
1.125829985351562534e+00
1.106965621337890671e+00
1.116823828125000029e+00
1.066031597900390704e+00
1.066301424560546884e+00
1.055512309570312501e+00
1.079628336181640558e+00
1.052412141113281185e+00
1.028206187744140632e+00
1.042944688720703228e+00
1.006131081542968708e+00
1.001155247802734349e+00
9.953949340820312797e-01
9.705904296874999782e-01
9.933305871582031044e-01
9.948404418945312466e-01
9.628607958984375381e-01
9.554876940917969019e-01
9.871881445312500336e-01
9.429772778320312243e-01
9.333893884277343345e-01
9.619286889648437366e-01
9.155442663574219209e-01
9.548483117675781173e-01
9.013378625488280838e-01
9.137848535156249952e-01
9.081873864746093927e-01
9.034373352050780737e-01
8.933675256347656246e-01
8.772766235351562303e-01
8.845904052734374634e-01
8.794498559570312901e-01
8.895841113281249823e-01
8.441415246582031351e-01
8.574150610351563007e-01
8.509456701660156330e-01
8.628628857421875020e-01
8.254676257324218280e-01
8.238032971191405762e-01
8.192191357421875209e-01
8.080187707519531637e-01
8.166181970214844155e-01
8.386540344238281319e-01
8.002172875976562016e-01
8.124586376953124578e-01
7.958500390624999588e-01
8.290526660156249950e-01
8.137732812500000357e-01
7.702156872558594269e-01
7.748321362304687598e-01
7.837427148437500213e-01
7.754436267089843682e-01
7.826506530761718761e-01
7.512941162109374460e-01
7.493343627929687223e-01
7.641206933593750472e-01
7.492477661132812550e-01
7.306872070312500078e-01
7.372102673339844259e-01
7.351992810058594063e-01
7.206400695800780909e-01
7.215159802246093879e-01
7.523574121093750122e-01
7.216775354003905907e-01
6.976045703125000053e-01
7.254712341308593437e-01
6.985936669921875009e-01
6.984335681152343822e-01
6.963837341308594109e-01
6.851824670410155971e-01
6.855756811523437966e-01
6.886557104492188053e-01
6.839123327636719152e-01
6.813786120605468399e-01
6.658561230468750258e-01
6.612866503906249527e-01
6.551935961914062689e-01
6.520740417480468398e-01
6.553160913085936956e-01
6.426833142089843909e-01
6.372387377929688013e-01
6.260056384277343788e-01
6.586521447753905800e-01
6.447189880371093640e-01
6.364562524414062450e-01
6.398047668457030879e-01
6.114231738281250550e-01
6.197555834960937204e-01
6.254238366699218510e-01
6.110202557373046739e-01
6.146507275390624692e-01
5.904975225830078056e-01
6.188505578613281433e-01
5.961564172363281733e-01
5.806452697753906600e-01
5.858509338378906639e-01
6.155408300781249897e-01
5.882145178222656368e-01
5.802393005371093704e-01
5.865598675537109230e-01
5.933872424316406491e-01
5.722295208740234562e-01
5.682424237060547112e-01
5.670232244873046890e-01
5.613868743896484048e-01
5.739365209960937131e-01
5.498510900878905705e-01
5.648358605957031209e-01
5.456170635986328232e-01
5.370861309814453088e-01
5.414318884277343757e-01
5.562172918701171476e-01
5.094961315917968525e-01
5.176341320800781354e-01
5.405844335937499689e-01
5.130718792724608956e-01
5.376052252197265346e-01
5.170832421875000140e-01
5.296012963867187118e-01
5.238813970947265863e-01
5.243135522460937725e-01
5.108327685546875108e-01
4.941173016357421899e-01
5.005724230957031562e-01
4.940533593750000008e-01
4.922693572998046996e-01
5.008070635986328067e-01
5.184178167724609043e-01
4.897394744873047046e-01
4.964675067138671904e-01
4.893309344482421608e-01
4.722301342773437272e-01
4.793875610351562289e-01
4.849499688720703139e-01
4.749981994628906246e-01
4.722552783203124993e-01
4.820864892578125005e-01
4.877476220703125254e-01
4.594533459472656123e-01
4.379629986572265432e-01
4.354032440185546804e-01
4.521850244140624975e-01
4.517202630615234638e-01
4.350317736816406433e-01
4.702073608398437687e-01
4.412753735351562234e-01
4.362814019775390628e-01
4.781637396240234206e-01
4.241591705322265704e-01
4.486265515136718673e-01
4.284867028808593825e-01
4.118639025878906290e-01
4.224778283691406067e-01
4.070810076904297081e-01
4.500221075439453378e-01
4.145879248046874799e-01
4.100562292480468551e-01
4.258187774658203084e-01
4.287379290771484164e-01
4.244535278320312743e-01
4.170815600585937588e-01
4.390134570312499984e-01
4.077263073730468812e-01
3.952836151123046982e-01
3.964277807617187510e-01
4.106100170898437374e-01
4.045506817626953189e-01
3.860356701660156431e-01
3.977744226074218514e-01
4.011685290527343684e-01
3.890697332763671801e-01
3.662261920166015594e-01
3.889818121337890733e-01
3.886901501464843922e-01
3.857784680175781467e-01
3.839029357910156426e-01
3.698501153564452970e-01
3.878007098388671636e-01
3.788864001464843922e-01
3.615889318847656519e-01
3.675602136230468608e-01
3.648961083984375020e-01
3.518124920654296939e-01
3.558981677246093600e-01
3.697297686767578306e-01
3.325930914306640673e-01
3.313374310302734105e-01
3.770307165527344018e-01
3.644551617431640578e-01
3.248020037841796714e-01
3.334637744140624971e-01
3.452758367919921967e-01
3.252174481201172140e-01
3.434640832519531006e-01
3.475204107666015618e-01
3.654733666992187602e-01
3.289573315429687450e-01
3.234190136718749775e-01
3.267704913330078398e-01
3.143651867675781308e-01
3.191407446289062366e-01
3.263370397949219015e-01
3.087826849365234438e-01
3.150172265624999746e-01
3.197970251464843927e-01
3.521878851318359649e-01
3.043752731323242089e-01
3.390995989990234216e-01
2.977205352783203196e-01
2.933373516845703133e-01
3.067965377807617133e-01
3.165799215698242297e-01
3.513731042480468525e-01
3.129173547363281460e-01
3.120286981201171872e-01
3.002320758056640781e-01
2.797241262817382612e-01
2.878609985351562317e-01
2.789072189331054941e-01
2.851038980102539311e-01
2.897346255493163936e-01
2.789572525024414107e-01
2.778263647460937347e-01
2.890006341552734392e-01
2.716340832519531512e-01
2.697309854125976569e-01
2.712962811279296949e-01
2.894243475341796712e-01
3.068883465576172087e-01
2.658437966918945072e-01
2.649850061035156079e-01
2.722428353881836127e-01
2.644459695434570046e-01
2.846146380615234284e-01
3.217330200195312462e-01
2.869467303466796682e-01
2.609466516113281287e-01
2.636633187866210815e-01
2.596277001953125052e-01
2.797876800537109632e-01
3.112567108154296602e-01
2.578299334716797064e-01
2.466977478027343740e-01
2.774847079467773203e-01
2.379795910644531276e-01
2.650326687622070465e-01
2.529614035034179476e-01
2.405240023803710825e-01
2.448522808837890752e-01
2.494490023803710987e-01
2.369395117187499955e-01
2.617828994750976412e-01
2.422417880249023436e-01
2.520305944824218769e-01
2.428574789428711023e-01
2.618588012695312606e-01
2.339505065917968640e-01
2.404292837524414084e-01
2.160283706665039050e-01
2.523385861206054459e-01
2.161807254028320358e-01
2.212885876464843748e-01
2.424296511840820234e-01
2.405186761474609469e-01
2.279173965454101558e-01
2.244336737060546871e-01
2.581464108276367297e-01
2.431536114501953172e-01
2.097764590454101463e-01
2.088043499755859456e-01
2.212651736450195195e-01
2.137920513916015675e-01
2.492562203979492297e-01
2.301886126708984348e-01
1.955167871093750065e-01
2.013367257690429624e-01
2.135146481323242085e-01
1.957827218627929688e-01
2.429441156005859304e-01
2.180974215698242291e-01
