2.457528525390625163e+00
2.282141088867187584e+00
2.194582673339843915e+00
2.063067827148437505e+00
1.997568371582031155e+00
1.957728320312499992e+00
1.914142307128906317e+00
1.869395473632812443e+00
1.832266677246093822e+00
1.799050695800781252e+00
1.768988669433593675e+00
1.747481958007812475e+00
1.730202475585937538e+00
1.711263693847656198e+00
1.690948676757812574e+00
1.674761206054687479e+00
1.655389196777343752e+00
1.639781237792968804e+00
1.626197724609375062e+00
1.615833337402343695e+00
1.601699384765624901e+00
1.586647587890624989e+00
1.577603654785156184e+00
1.567476943359374930e+00
1.553815859374999997e+00
1.546914147949218776e+00
1.540444064941406177e+00
1.529711914062499956e+00
1.519550039062500080e+00
1.515532656249999999e+00
1.503742714843750106e+00
1.499450073242187598e+00
1.489394038085937400e+00
1.489033884277343844e+00
1.486048439941406230e+00
1.488178659667968695e+00
1.476746760253906166e+00
1.466468564453125012e+00
1.459708200683593748e+00
1.464304919433593755e+00
1.447708071289062426e+00
1.452376555175781236e+00
1.443264006347656281e+00
1.437498623046874924e+00
1.435453840332031161e+00
1.442698935546874894e+00
1.428207856445312451e+00
1.431685458984375048e+00
1.422404372558593755e+00
1.431372497558593748e+00
1.416867336425781332e+00
1.412964731445312427e+00
1.407535605468750006e+00
1.415404638671875048e+00
1.403426584472656335e+00
1.399627858886718812e+00
1.401428852539062575e+00
1.389139929199218804e+00
1.395079763183593835e+00
1.385653354492187406e+00
1.383473869628906172e+00
1.380157424316406312e+00
1.384372971191406343e+00
1.380316652832031199e+00
1.386759853515624918e+00
1.374180222167968646e+00
1.375927385253906232e+00
1.363779716796875041e+00
1.363818942871093842e+00
1.362192465820312393e+00
1.363694394531250076e+00
1.356506899414062550e+00
1.359093049316406177e+00
1.351781479492187410e+00
1.356394462890625041e+00
1.356048593749999975e+00
1.352396569824218853e+00
1.347622954101562520e+00
1.346022963867187450e+00
1.345789028320312442e+00
1.345609545898437398e+00
1.339001376953125044e+00
1.333458293457031152e+00
1.334989980468749948e+00
1.330142050781250029e+00
1.338548867187500102e+00
1.328180971679687516e+00
1.327565412597656147e+00
1.326449143066406267e+00
1.325275415039062432e+00
1.322416875000000047e+00
1.326850153808593724e+00
1.321281696777343750e+00
1.315916940917968736e+00
1.319389462890625087e+00
1.314069672851562398e+00
1.313062456054687521e+00
1.305031599121093677e+00
1.310306284179687530e+00
1.304061730957031262e+00
1.308148193359375044e+00
1.304534799804687450e+00
1.298204965820312529e+00
1.299907473144531256e+00
1.297306135253906145e+00
1.294772917480468744e+00
1.298310205078125001e+00
1.297315825195312522e+00
1.304818864746093654e+00
1.292633579101562402e+00
1.286111757812500089e+00
1.289466047363281298e+00
1.286347148437499976e+00
1.288904704589843853e+00
1.284861479492187541e+00
1.287494323730468793e+00
1.284043679199218690e+00
1.278336486816406214e+00
1.281662678222656337e+00
1.279369721679687544e+00
1.282006840820312465e+00
1.272554753417968643e+00
1.272451062011718648e+00
1.280309870605468747e+00
1.274353537597656238e+00
1.267219990234375038e+00
1.271769543457031304e+00
1.267283139648437418e+00
1.269575957031249924e+00
1.270687951660156356e+00
1.265666486816406255e+00
1.269315979003906358e+00
1.264395253906249961e+00
1.262986962890624953e+00
1.261619807128906201e+00
1.265686354980468664e+00
1.262845307617187496e+00
1.260288181152343645e+00
1.256079094238281346e+00
1.251207922363281266e+00
1.251576203613281146e+00
1.253072951660156198e+00
1.252379267578124900e+00
1.249509394531250095e+00
1.248341333007812581e+00
1.247867114257812604e+00
1.248352185058593689e+00
1.245944299316406267e+00
1.243401341552734296e+00
1.243115795898437570e+00
1.245750705566406324e+00
1.242933886718750047e+00
1.241024936523437594e+00
1.242587141113281168e+00
1.238631472167968761e+00
1.244362023925781324e+00
1.235074113769531357e+00
1.246335771484375021e+00
1.242362656250000086e+00
1.235497412109374915e+00
1.232440041503906292e+00
1.230844570312499942e+00
1.235467248535156326e+00
1.229368457031249973e+00
1.231466765136718822e+00
1.227636960449218773e+00
1.224911689453124897e+00
1.230707685546875041e+00
1.228756816406249897e+00
1.231146350097656272e+00
1.228233122558593848e+00
1.223393706054687557e+00
1.226940603027343757e+00
1.222046081542968787e+00
1.221747272949218699e+00
1.222380510253906261e+00
1.220760943603515614e+00
1.218917075195312449e+00
1.218783171386718767e+00
1.220343137207031248e+00
1.221840473632812563e+00
1.214095205078125073e+00
1.215512944335937595e+00
1.213347048339843859e+00
1.223416400146484451e+00
1.216525068359374906e+00
1.210374820556640696e+00
1.213570620117187415e+00
1.210326501464843663e+00
1.214548288574218704e+00
1.207188038330078150e+00
1.206971374511718764e+00
1.209333110351562546e+00
1.207738652343750108e+00
1.215251772460937518e+00
1.215690261230468749e+00
1.205773018798828033e+00
1.207064888916015599e+00
1.208055720214843642e+00
1.212709802246093815e+00
1.200922983398437394e+00
1.200570339355468752e+00
1.205935671386718644e+00
1.201160157470703149e+00
1.204417404785156354e+00
1.205239222412109346e+00
1.196856103515625103e+00
1.211213804931640547e+00
1.207880477294921873e+00
1.201960743408203136e+00
1.196658037109374906e+00
1.204894531249999901e+00
1.204051810302734449e+00
1.200062392578125081e+00
1.192803420410156301e+00
1.194314975585937466e+00
1.195889354248046876e+00
1.199762286376953035e+00
1.188326325683593643e+00
1.191469572753906192e+00
1.196644222412109437e+00
1.191874989013671948e+00
1.193398863525390707e+00
1.200215638427734266e+00
1.190705202636718640e+00
1.191855258789062511e+00
1.186779910888671852e+00
1.186180766601562464e+00
1.186406506347656320e+00
1.193989965820312582e+00
1.193308869628906255e+00
1.187212947998046886e+00
1.186042216796874937e+00
1.182127362060546805e+00
1.182164483642578201e+00
1.192788352050781153e+00
1.195616503906250072e+00
1.178992016601562609e+00
1.185606323242187399e+00
1.178353479003906301e+00
1.184907951660156167e+00
1.179597259521484309e+00
1.180968579101562499e+00
1.177912956542968681e+00
1.177416693115234336e+00
1.186959583740234470e+00
1.175310065917968716e+00
1.176441290283203100e+00
1.174260141601562557e+00
1.175400870361328121e+00
1.176755847167968660e+00
1.179698763427734276e+00
1.175527963867187609e+00
1.172835307617187572e+00
1.178396115722656345e+00
1.169798709716796781e+00
1.171493264160156311e+00
1.185722335205078082e+00
1.175424785156250040e+00
1.168762708740234357e+00
1.176957722167968790e+00
1.175964194335937574e+00
1.179709760742187585e+00
1.168688574218750054e+00
1.165782863769531330e+00
1.169054929199218718e+00
1.171451762695312482e+00
1.169704233398437543e+00
1.170521093749999908e+00
1.167289089355468823e+00
1.166973784179687446e+00
1.178415574951171774e+00
1.168684986572265716e+00
1.165596992187500014e+00
1.164031982421875000e+00
1.171477365722656261e+00
1.175627941894531236e+00
1.167705195312499944e+00
1.163614713134765610e+00
1.162282054443359414e+00
1.170649757080078235e+00
1.161466798095703190e+00
1.156583704833984427e+00
1.165369404296874967e+00
1.163362362060546884e+00
1.161271748046875052e+00
1.162692077636718668e+00
1.160721922607421908e+00
1.158270961914062536e+00
1.168001507568359409e+00
1.161294780273437466e+00
1.162047084960937449e+00
1.165395871582031173e+00
1.157617490234374991e+00
1.157723751220703035e+00
1.163421165771484356e+00
1.156195631103515531e+00
1.156366036376953232e+00
1.155413327636718668e+00
1.154120673828125110e+00
1.152763708496093775e+00
