2.540996894531250216e+00
2.198273474121093862e+00
1.926664277343749898e+00
1.770999406738281268e+00
1.669248803710937423e+00
1.609070581054687477e+00
1.579681923828125001e+00
1.561360000000000081e+00
1.547110964355468798e+00
1.535278295898437451e+00
1.522756599121093846e+00
1.512259294433593748e+00
1.502700148925781187e+00
1.497168173828125060e+00
1.496661320800781292e+00
1.486642885742187392e+00
1.479839018554687469e+00
1.468489655761718859e+00
1.465189333496093704e+00
1.462607065429687436e+00
1.451917617187499898e+00
1.449727907714843722e+00
1.444262961425781144e+00
1.438582944335937475e+00
1.436689504394531358e+00
1.425743852539062440e+00
1.425915468749999970e+00
1.417495839843750050e+00
1.412553371582031314e+00
1.406812424316406185e+00
1.400709995117187523e+00
1.399211416015625042e+00
1.391879665527343768e+00
1.396291074218749984e+00
1.390105141601562400e+00
1.385012661132812406e+00
1.379028144531250000e+00
1.374130703125000075e+00
1.372327907714843809e+00
1.373874011230468817e+00
1.369659609374999976e+00
1.369580373535156159e+00
1.359957790527343668e+00
1.357838659667968795e+00
1.352004851074218861e+00
1.347666611328125041e+00
1.347331962890625068e+00
1.348802343750000077e+00
1.340428669433593845e+00
1.344972233886718715e+00
1.342120739746093694e+00
1.336410109863281237e+00
1.332942841796874944e+00
1.328649565429687485e+00
1.326862792968749982e+00
1.331543127441406238e+00
1.323219807128906300e+00
1.318803847656250028e+00
1.315540776367187581e+00
1.317430554199218840e+00
1.313328686523437483e+00
1.310356672363281350e+00
1.305167883300781151e+00
1.310619340820312395e+00
1.310011276855468809e+00
1.306340251464843671e+00
1.302407260742187489e+00
1.310597546386718770e+00
1.301634880371093761e+00
1.292385930175781183e+00
1.298773955078124986e+00
1.287769404296875031e+00
1.289781264648437453e+00
1.287833264160156199e+00
1.285925190429687559e+00
1.288514035644531264e+00
1.284195700683593788e+00
1.280778583984375052e+00
1.278852514648437522e+00
1.274761389160156355e+00
1.274445144042968714e+00
1.275890520019531182e+00
1.273050556640624942e+00
1.276922656250000010e+00
1.276058342285156355e+00
1.272824626464843734e+00
1.267980161132812533e+00
1.266028273925781322e+00
1.260700444335937531e+00
1.266900148925781178e+00
1.265272438964843760e+00
1.263857214355468717e+00
1.258487546386718670e+00
1.254790734863281187e+00
1.253196633300781349e+00
1.255286699218749913e+00
1.251200432128906304e+00
1.247772065429687549e+00
1.249649870605468838e+00
1.252730083007812523e+00
1.246969750976562485e+00
1.243788968505859405e+00
1.244851760253906203e+00
1.241110063476562608e+00
1.241546894531250000e+00
1.240265275878906337e+00
1.237264881591796817e+00
1.237695214843749891e+00
1.233842932128906167e+00
1.233524013671875030e+00
1.235482175292968776e+00
1.238091384277343776e+00
1.229558039550781245e+00
1.232877121582031332e+00
1.230008674316406259e+00
1.228579013671875053e+00
1.222896049804687468e+00
1.230979511718750086e+00
1.223781297607421825e+00
1.220546617431640612e+00
1.219401998291015587e+00
1.220812806396484484e+00
1.220024726562499939e+00
1.222293571777343768e+00
1.216325363769531265e+00
1.216618100585937556e+00
1.217915571289062582e+00
1.214250068359375101e+00
1.209780549316406217e+00
1.213851296386718737e+00
1.208091979980468800e+00
1.210452602539062505e+00
1.207260075683593836e+00
1.208081259765624971e+00
1.210315424804687456e+00
1.208609348144531248e+00
1.205084423828125084e+00
1.202992194824218819e+00
1.200837375488281289e+00
1.204732810058593673e+00
1.202193771972656311e+00
1.203946716308593734e+00
1.197584920654296781e+00
1.201378657226562563e+00
1.196057644042968660e+00
1.194830139160156346e+00
1.198645993652343700e+00
1.192632926025390727e+00
1.192957062988281303e+00
1.187510732421874993e+00
1.192672508544921905e+00
