2.589557426757812308e+00
2.309167016601562317e+00
2.284031953124999959e+00
2.232766518554687440e+00
2.121731901855468561e+00
2.032961191406250201e+00
1.975293439941406159e+00
1.927649885253906348e+00
1.892714416503906261e+00
1.857419335937499971e+00
1.823077192382812406e+00
1.797469409179687450e+00
1.763704851074218816e+00
1.742899421386718828e+00
1.714319167480468753e+00
1.696645224609375058e+00
1.681704606933593693e+00
1.661631909179687394e+00
1.650270874023437528e+00
1.635563640136718844e+00
1.614382888183593767e+00
1.608912670898437591e+00
1.589413959960937595e+00
1.577657587890624935e+00
1.567011013183593704e+00
1.560396069335937552e+00
1.550610524902343856e+00
1.539328364257812609e+00
1.532593420410156337e+00
1.529936245117187399e+00
1.519643881835937460e+00
1.517263034667968746e+00
1.501650178222656340e+00
1.494734716796874974e+00
1.490405810546874932e+00
1.488668952636718723e+00
1.478501525878906264e+00
1.473509309082031260e+00
1.474290727539062429e+00
1.465258317871093841e+00
1.465424497070312526e+00
1.455126916503906243e+00
1.457327216796874936e+00
1.445734899902343829e+00
1.440496816406249936e+00
1.435499538574218858e+00
1.432585844726562474e+00
1.434487983398437416e+00
1.425741010742187509e+00
1.424281091308593705e+00
1.428453532714843766e+00
1.409053942871093756e+00
1.407775673828125074e+00
1.404892434082031238e+00
1.398254509277343738e+00
1.400282529296875023e+00
1.389492590332031208e+00
1.390492231445312532e+00
1.383158254394531328e+00
1.384311472167968793e+00
1.381414877929687535e+00
1.372546022949218791e+00
1.367061293945312395e+00
1.365922939453124929e+00
1.365415634765624997e+00
1.359794414062500012e+00
1.352358925781250054e+00
1.351857634277343845e+00
1.349931254882812404e+00
1.352727658691406321e+00
1.345492590332031169e+00
1.344991865234375084e+00
1.335796613769531183e+00
1.341263803710937452e+00
1.333296059570312497e+00
1.325040822753906333e+00
1.327447509765625089e+00
1.319763007812500000e+00
1.318946081542968773e+00
1.314230393066406322e+00
1.309915593261718803e+00
1.305345913085937504e+00
1.309353110351562544e+00
1.304003342285156242e+00
1.297969431152343756e+00
1.299181831054687430e+00
1.296185627441406307e+00
1.298444819335937472e+00
1.295760144042968687e+00
1.288516308593750104e+00
1.288603413085937399e+00
1.284693710937500066e+00
1.283387351074218641e+00
1.278105993652343786e+00
1.280560749511718832e+00
1.279762495117187537e+00
1.272802558593749911e+00
1.277827741699218755e+00
1.266070329589843668e+00
1.267230180664062456e+00
1.264162431640625028e+00
1.262551425781250014e+00
1.260235543212890663e+00
1.264069365234375075e+00
1.255627885742187422e+00
1.255059404296875014e+00
1.251511398925781338e+00
1.250041088867187566e+00
1.250765710449218693e+00
1.254346113281249897e+00
1.243777199707031267e+00
1.247824838867187536e+00
1.243273815917968816e+00
1.250677058105468697e+00
1.251591091308593695e+00
1.241029110107421785e+00
1.235387006835937607e+00
1.235877814941406250e+00
1.236455686035156321e+00
1.233754589843750082e+00
1.231159387207031219e+00
1.231785124511718843e+00
1.229319705810546948e+00
1.227325500488281262e+00
1.228183891601562605e+00
1.226122626953124906e+00
1.228407136230468710e+00
1.227973691406250012e+00
1.223158249511718809e+00
1.219060815429687583e+00
1.218763686523437473e+00
1.220691054687500054e+00
1.221348699951171790e+00
1.215432424316406301e+00
1.213953461914062393e+00
1.210317846679687559e+00
1.222415943603515576e+00
1.214686508789062591e+00
1.216706440429687452e+00
1.207323779296874955e+00
1.216792741699218805e+00
1.205917578125000000e+00
1.203556557617187606e+00
1.206515864257812432e+00
1.203462607421875052e+00
1.202303750000000004e+00
1.205387011718749957e+00
1.202249528808593704e+00
1.200561479492187500e+00
1.200445053710937460e+00
1.204275344238281198e+00
