2.336116772460937518e+00
2.080994082031249803e+00
1.946333549804687424e+00
1.876882880859374936e+00
1.788681005859374951e+00
1.687943581542968641e+00
1.633625510253906343e+00
1.575236701660156280e+00
1.538437685546875100e+00
1.522433496093750005e+00
1.499933486328125065e+00
1.497018151855468826e+00
1.466737739257812478e+00
1.457856467285156166e+00
1.435353479003906196e+00
1.428677563476562495e+00
1.426964638671875063e+00
1.404958227539062410e+00
1.401733386230468836e+00
1.392208879394531307e+00
1.381190668945312394e+00
1.384797819824218790e+00
1.370880385742187402e+00
1.368405239257812545e+00
1.352045539550781328e+00
1.343183034667968734e+00
1.352952890624999904e+00
1.332748474121093762e+00
1.336082019042968749e+00
1.328762070312500043e+00
1.317782846679687481e+00
1.323920092773437585e+00
1.311047941894531332e+00
1.291071315917968754e+00
1.295998254394531202e+00
1.295317314453124924e+00
1.282623930664062550e+00
1.277161181640624976e+00
1.287790437011718803e+00
1.267768681640625061e+00
1.282275537109375030e+00
1.268683884277343799e+00
1.256395583496093815e+00
1.249057453613281243e+00
1.249997946777343660e+00
1.254643842773437434e+00
1.245339851074218851e+00
1.245315158691406188e+00
1.246288250732421776e+00
1.248036135253906220e+00
1.234645141601562468e+00
1.237324150390624933e+00
1.226991311035156240e+00
1.223036968994140716e+00
1.209733117675781289e+00
1.218449382324218844e+00
1.214413955078124996e+00
1.203431182861328219e+00
1.207200095214843838e+00
1.196501668701171806e+00
1.189279670410156253e+00
1.195110122070312419e+00
1.193860324707031184e+00
1.205237506103515654e+00
1.191523041992187393e+00
1.206628513183593654e+00
1.182184755859374992e+00
1.174900366210937408e+00
1.184315974121093795e+00
1.176299289550781335e+00
1.181334240722656359e+00
1.168354072265624932e+00
1.159845766601562467e+00
1.178751131591796897e+00
1.167097993164062597e+00
1.173068380126953025e+00
1.159458540039062457e+00
1.160639647216796799e+00
1.147101968994140631e+00
1.165786016845703044e+00
1.151692187499999909e+00
1.138227875976562498e+00
1.146446906738281202e+00
1.173929238281250065e+00
1.166625710449218811e+00
1.141678677978515521e+00
1.130468138427734415e+00
1.133946649169921939e+00
1.126530863037109365e+00
1.144537976074218699e+00
1.132203925781249954e+00
1.130338436279296976e+00
1.120386811523437443e+00
1.135542630615234305e+00
1.127811627197265576e+00
1.117162294921874910e+00
1.109826556396484420e+00
1.107672714843749961e+00
1.112718988037109336e+00
1.105593247070312479e+00
1.110627775878906265e+00
1.120825288085937510e+00
1.099907757568359346e+00
1.121076293945312496e+00
1.098602507324218713e+00
1.101361882324218833e+00
1.094085455322265643e+00
1.100188286132812499e+00
1.091367003173828065e+00
1.086558276367187492e+00
1.098200312499999942e+00
1.085695340576171786e+00
1.093506741943359284e+00
1.083962902832031228e+00
1.080844615478515625e+00
1.086874898681640556e+00
1.076308856201171782e+00
1.085580930175781278e+00
1.086823966064453195e+00
1.070761090087890555e+00
1.095552176513671983e+00
1.070950893554687422e+00
1.074634305419921887e+00
1.076472139892578062e+00
1.066408956298828148e+00
1.067837110595703187e+00
1.072393297119140554e+00
1.062551455078124985e+00
1.060418992919921921e+00
1.064038183593750020e+00
1.057870939941406352e+00
1.050415101318359357e+00
1.053977823486328180e+00
1.047563793945312405e+00
1.056126802978515578e+00
1.049951921386718778e+00
1.050721997070312552e+00
1.066055935058593640e+00
1.050379527587890660e+00
1.051313240966796902e+00
1.042198447265624939e+00
1.064745994873046886e+00
1.046556978759765721e+00
1.039481962890625111e+00
1.045627463378906219e+00
1.038163580322265522e+00
1.030767896728515653e+00
1.049271242675781313e+00
1.043864985351562469e+00
1.033169296874999921e+00
1.036629824218749940e+00
1.029119461669921964e+00
1.026422318115234322e+00
1.037809854736328141e+00
1.024702800292968785e+00
1.023399973144531350e+00
1.019005358886718726e+00
1.022103426513671920e+00
1.026910516357421921e+00
1.020661297607421858e+00
1.021489658203124984e+00
1.014529383544921837e+00
1.021779467773437533e+00
1.024399630126953120e+00
1.009694544677734340e+00
1.010651369628906338e+00
1.010977612304687412e+00
1.008639036865234484e+00
1.022921514892578099e+00
1.007652709960937587e+00
1.009639775390624994e+00
9.983217932128906069e-01
1.004182187500000101e+00
1.009486597900390636e+00
9.989896435546874454e-01
1.012005236816406306e+00
9.978278649902343478e-01
1.003708045654296832e+00
1.001807730712890532e+00
9.956820349121093816e-01
9.974973791503906062e-01
9.912496459960937756e-01
9.894936157226562612e-01
9.906456542968750112e-01
9.951438146972656495e-01
9.913101342773437130e-01
9.887742211914062329e-01
9.818868884277344167e-01
9.879937902832031105e-01
9.836779516601562579e-01
9.882188610839843790e-01
9.859809692382812685e-01
9.792356518554687916e-01
9.804781616210938022e-01
9.884846008300781639e-01
9.893827014160155864e-01
9.811390014648437852e-01
9.986122851562500014e-01
9.757991577148437123e-01
9.972505017089843271e-01
9.769271276855469033e-01
9.699686083984374596e-01
1.004794588623046936e+00
9.658735632324219056e-01
9.886072900390624474e-01
9.621293798828125521e-01
9.640266662597656300e-01
9.705815734863281197e-01
9.676110888671874966e-01
9.631147192382812916e-01
9.674513415527343785e-01
9.681321447753906684e-01
9.811839257812500215e-01
9.708967333984375170e-01
9.550490783691406582e-01
9.630849682617187435e-01
9.568084228515625345e-01
9.501677990722656730e-01
9.578588574218750429e-01
9.512482666015624755e-01
9.667295971679688016e-01
9.586777343750000346e-01
9.602783728027344257e-01
9.518236535644530871e-01
9.575286279296875147e-01
9.580142834472655800e-01
9.494754907226562457e-01
9.512160571289062228e-01
9.439891833496093509e-01
9.543371777343749862e-01
9.435189501953125113e-01
9.444443603515625396e-01
9.468578527832031133e-01
9.442675952148437135e-01
9.517968969726562367e-01
9.435812817382812634e-01
9.463716931152343914e-01
9.397877807617187607e-01
9.511739978027343723e-01
9.483089025878905787e-01
9.325547180175781659e-01
9.384507470703125076e-01
9.363666687011719114e-01
9.303729455566406292e-01
9.288789526367187133e-01
9.399854919433593414e-01
9.422212670898437725e-01
9.383597448730468527e-01
9.400041638183593840e-01
9.359228967285155854e-01
9.269188171386718578e-01
9.295193432617187002e-01
9.479606579589843207e-01
9.324359619140625277e-01
9.364002294921874858e-01
9.366501220703125075e-01
9.216027514648437169e-01
9.304864318847656524e-01
9.272442553710937840e-01
9.310147265624999502e-01
9.320690100097656083e-01
9.352072277832030878e-01
9.308344897460937295e-01
9.182624572753905756e-01
9.326395458984374498e-01
9.524474279785156705e-01
9.273990344238280947e-01
9.173469628906250062e-01
9.229185900878906779e-01
9.186180957031250260e-01
9.269870239257812505e-01
9.132915759277343559e-01
9.230611767578125182e-01
9.110077075195311958e-01
9.253786694335937035e-01
9.170307849121093202e-01
9.240037890625000250e-01
9.182190661621093541e-01
9.147642639160156186e-01
9.194462170410155899e-01
9.094513500976562081e-01
9.066584948730468385e-01
9.103645666503906719e-01
9.022699169921875040e-01
9.405640783691405771e-01
9.061950756835936982e-01
9.006884338378906563e-01
9.125864941406249820e-01
9.020132666015624467e-01
9.135247521972655882e-01
9.223320825195312489e-01
9.098049255371093436e-01
8.986237109375000420e-01
9.151984155273437116e-01
9.141383349609375486e-01
9.049383837890625504e-01
9.143090100097656103e-01
9.087465417480469210e-01
9.043752734375000157e-01
8.985461572265625030e-01
8.963890393066406004e-01
