2.389037302246093564e+00
2.140756152343750163e+00
1.831387253417968708e+00
1.667086149902343717e+00
1.606287229003906303e+00
1.573027770996093810e+00
1.552278999023437578e+00
1.546647060546874952e+00
1.522525390625000030e+00
1.510780607910156226e+00
1.500935930175781197e+00
1.499958549804687458e+00
1.484762001953124910e+00
1.480158110351562417e+00
1.470237082519531224e+00
1.461055786132812395e+00
1.455645500488281341e+00
1.450859624023437489e+00
1.441946262207031149e+00
1.438405363769531320e+00
1.431944184570312473e+00
1.423376472167968698e+00
1.428071203613281215e+00
1.412104125976562541e+00
1.405903793945312508e+00
1.401843813476562506e+00
1.400769846191406209e+00
1.394149614257812475e+00
1.388835051269531329e+00
1.382770764160156318e+00
1.377370046386718672e+00
1.379599653320312536e+00
1.369118195800781201e+00
1.364835349121093833e+00
1.361976425781250111e+00
1.359093759765624965e+00
1.356903789062499976e+00
1.354442368164062493e+00
1.345311992187500083e+00
1.343587543945312435e+00
1.349107700195312454e+00
1.336603676757812442e+00
1.333931342773437390e+00
1.337295820312500050e+00
1.328975034179687542e+00
1.326430751953125098e+00
1.323471345214843664e+00
1.325780681152343821e+00
1.319788232421875041e+00
1.312690251464843749e+00
1.312668933105468838e+00
1.311419653320312406e+00
1.303318264160156170e+00
1.307703247070312491e+00
1.299166076660156266e+00
1.302330405273437464e+00
1.295612802734374958e+00
1.295795883789062408e+00
1.292466765136718765e+00
1.286099023437500044e+00
1.285709025878906342e+00
1.283893083496093768e+00
1.278112749023437411e+00
1.281077253417968853e+00
1.276009492187500038e+00
1.271650598144531186e+00
1.272207070312499910e+00
1.266804890136718820e+00
1.268232915039062547e+00
1.263418977050781322e+00
1.265811330566406268e+00
1.261915046386718808e+00
1.260056875000000076e+00
1.255625959472656206e+00
1.262799824218749922e+00
1.253694475097656191e+00
1.249225910644531146e+00
1.252820100097656209e+00
1.246387905273437458e+00
1.248637832031249895e+00
1.242595734863281232e+00
1.244204194335937430e+00
1.239372230224609295e+00
1.240247426757812521e+00
1.236217741699218831e+00
1.246175615234375034e+00
1.231070749511718798e+00
1.230440437011718791e+00
1.233425644531249921e+00
1.234002673339843703e+00
1.228038029785156304e+00
1.225809968261718730e+00
1.228957901611328118e+00
1.218679975585937436e+00
1.227211499023437513e+00
1.218523532714843816e+00
1.219398853759765533e+00
1.217936618652343705e+00
1.214727130126953103e+00
1.214565451660156281e+00
1.207731361083984378e+00
1.216294273681640670e+00
1.208382246093749890e+00
1.209381214599609455e+00
1.214110412597656286e+00
1.210629882812499947e+00
1.200464941406250041e+00
1.200373261718749918e+00
1.202398942871093723e+00
1.199306951904296925e+00
1.195140441894531280e+00
1.196945256347656139e+00
1.200459760742187409e+00
1.194745091552734451e+00
1.193321154785156324e+00
1.194276859130859458e+00
1.197159686279296809e+00
1.193960668945312609e+00
1.189294958496093679e+00
1.192525322265624910e+00
1.187550939941406147e+00
1.190698477783203035e+00
1.192746267089843659e+00
1.181540251464843649e+00
1.189563186035156317e+00
1.182510218505859356e+00
1.180223049316406314e+00
1.182580471191406302e+00
1.182092102050781302e+00
1.176625800781250009e+00
1.178879034423828021e+00
1.183389680175781278e+00
1.182920961914062596e+00
1.173667767333984369e+00
1.174953572998046925e+00
1.171152032470703208e+00
1.169768527832031335e+00
1.172265733642578134e+00
1.176966081542968778e+00
1.176042558593749954e+00
1.168093115234374979e+00
1.170921330566406349e+00
1.172248840332031250e+00
1.165665534667968739e+00
1.167094748535156157e+00
1.161389453124999971e+00
1.162613066406249951e+00
1.166015118408203044e+00
1.162887979736328070e+00
1.161852147216796860e+00
1.162940975341796968e+00
