2.366057109374999801e+00
2.216379421386718729e+00
1.955367563476562598e+00
1.830232707519531266e+00
1.738997976074218688e+00
1.681652287597656281e+00
1.641518032226562562e+00
1.610515849609374994e+00
1.575315134277343709e+00
1.548307812500000047e+00
1.528863381347656203e+00
1.500961127929687500e+00
1.507343444824218670e+00
1.478165224609375050e+00
1.465001408691406271e+00
1.450711533203125070e+00
1.440200871582031139e+00
1.428918203125000064e+00
1.419996110839843784e+00
1.407438916015625097e+00
1.402374243164062451e+00
1.395004936523437600e+00
1.380002399902343857e+00
1.374940207519531166e+00
1.370369414062500013e+00
1.365844770507812500e+00
1.355970175781249898e+00
1.355887958984375086e+00
1.340005649414062416e+00
1.344613974609375040e+00
1.342142373046874892e+00
1.324923493652343742e+00
1.315027558593750090e+00
1.328131906738281298e+00
1.312202099609375061e+00
1.296653156738281298e+00
1.294931162109375089e+00
1.298871540527343660e+00
1.287645212402343642e+00
1.276509443359375107e+00
1.273731708984374933e+00
1.276010847167968754e+00
1.261932351074218861e+00
1.255715771484374965e+00
1.251790266113281147e+00
1.247869034423828127e+00
1.252977568359374905e+00
1.233607883300781305e+00
1.233712023925781276e+00
1.225153066406249991e+00
1.224567280273437531e+00
1.224628427734375080e+00
1.219543052978515618e+00
1.224693398437499914e+00
1.209532014160156210e+00
1.207701329345703067e+00
1.202684351806640572e+00
1.199063061523437446e+00
1.203118629150390584e+00
1.192579167480468660e+00
1.190787048339843723e+00
1.188334638671874943e+00
1.185498950195312595e+00
1.189488192138671963e+00
1.178792783203125083e+00
1.172569951171875013e+00
1.166137707519531164e+00
1.175161323242187583e+00
1.179130263671875012e+00
1.161060823974609413e+00
1.160982703857421861e+00
1.156310008544921830e+00
1.153322707519531143e+00
1.165193424072265671e+00
1.140413626708984385e+00
1.145611914062500070e+00
1.161582469482421942e+00
1.138049940185546838e+00
1.137686856689453130e+00
1.139462807617187545e+00
1.124506130371093704e+00
1.132628248291015716e+00
1.130004023437499949e+00
1.117193577880859268e+00
1.131459189453124958e+00
1.134908247070312459e+00
1.116856419677734413e+00
1.110099907226562488e+00
1.106673726806640667e+00
1.114860875244140681e+00
1.126304709472656151e+00
1.105547963867187455e+00
1.116386910400390731e+00
1.106072557373046772e+00
1.094852755126953125e+00
1.095796306152343691e+00
1.095106231689453091e+00
1.091944511718750066e+00
1.089418668212890573e+00
1.098178031005859312e+00
1.090467113037109304e+00
1.092905837402343705e+00
1.096633785400390693e+00
1.083049139404296923e+00
1.074810345458984351e+00
1.088234770507812588e+00
1.093863924560546819e+00
1.068337882080078183e+00
1.074251511230468692e+00
1.071348266601562571e+00
1.078934696044921981e+00
1.077997387695312392e+00
1.073509357910156226e+00
1.060350216064453122e+00
1.068861749267578043e+00
1.061556241455078098e+00
1.059064271240234278e+00
1.061994495849609477e+00
1.055725181884765718e+00
1.050497403564453203e+00
1.051867536621093668e+00
1.051380076904296912e+00
1.045073021240234379e+00
1.058633580322265733e+00
1.050973604736328060e+00
1.047082508544921797e+00
1.058354621582031196e+00
1.046052569580078195e+00
1.042400023193359448e+00
1.039040843505859346e+00
1.047157294921875037e+00
1.041461420898437407e+00
1.035131884765625010e+00
1.038337307128906151e+00
1.026439996337890515e+00
1.025524370117187445e+00
1.046217580566406236e+00
1.031773266601562433e+00
1.034148642578124999e+00
1.021864002685546780e+00
1.030841578369140699e+00
1.017358961181640709e+00
1.017975288085937402e+00
1.019881036376953043e+00
1.021973658447265620e+00
1.014133430175781170e+00
1.028584394531250057e+00
1.020805887451171845e+00
1.012730364990234389e+00
1.017106904296875003e+00
1.019593853759765523e+00
1.012484276123046811e+00
1.005062908935546950e+00
1.006146136474609376e+00
1.004007014160156253e+00
1.003783480224609281e+00
1.014085208740234334e+00
1.008333507080078073e+00
1.007046616210937495e+00
1.014571597900390643e+00
9.954038952636719007e-01
1.010109719238281301e+00
1.004507644042968773e+00
1.000346025390624893e+00
1.003954818115234460e+00
9.925526147460937976e-01
9.865665881347656097e-01
9.936684814453125014e-01
9.926590454101562599e-01
1.011738389892578027e+00
1.002050308837890702e+00
9.851461193847655951e-01
9.830143957519531517e-01
9.893845507812499829e-01
9.848118591308593350e-01
9.793910119628905786e-01
9.895485693359374890e-01
9.806333715820312324e-01
9.868852124023437256e-01
9.799908557128905739e-01
9.734998742675781136e-01
9.857921435546874722e-01
9.826905798339843345e-01
9.774768981933593670e-01
9.679122595214844083e-01
9.713262658691406148e-01
9.844216906738281203e-01
9.747054394531250443e-01
9.743179272460937845e-01
9.673985388183593548e-01
9.670069348144531007e-01
9.656097631835937056e-01
9.657494604492187218e-01
9.672104736328125396e-01
9.672902185058593894e-01
9.626674584960936976e-01
9.831675488281249597e-01
9.677994775390624804e-01
9.596290832519531744e-01
9.602129248046874510e-01
9.582765576171875521e-01
9.813490734863281606e-01
9.577628955078124617e-01
9.647573339843750206e-01
9.581968493652344154e-01
9.561649023437499562e-01
9.585399670410156281e-01
9.551457678222656789e-01
9.607447753906249721e-01
9.552631762695312778e-01
9.571759277343749872e-01
9.507806225585937465e-01
9.633486071777344062e-01
9.803313305664062005e-01
9.486881286621093867e-01
9.500972314453125511e-01
9.463046655273437135e-01
9.484606164550781759e-01
9.454430273437499643e-01
9.391431970214844105e-01
9.399561230468750361e-01
9.539971411132812662e-01
9.459052490234375332e-01
9.484868273925781690e-01
9.401062890625000446e-01
9.415930725097656495e-01
9.478312316894531575e-01
9.405820703124999627e-01
9.311506713867186980e-01
9.527957702636719040e-01
9.511294482421874807e-01
9.333712121582031784e-01
9.402621691894531564e-01
9.352872729492187620e-01
9.429414331054687404e-01
9.319373364257812486e-01
9.486215502929687959e-01
9.437738171386719221e-01
9.291936169433593351e-01
9.359665881347656313e-01
9.601883886718749483e-01
9.239351501464844185e-01
9.200955834960937718e-01
9.314586767578124649e-01
9.270344238281249538e-01
9.311666674804687238e-01
9.255385095214844204e-01
9.225146716308594286e-01
9.304192346191406671e-01
9.190407043457031744e-01
9.203894396972656100e-01
9.142521862792968301e-01
9.298527355957031393e-01
9.254505969238281393e-01
9.208394750976562904e-01
9.157975817871093493e-01
9.121383410644531287e-01
9.210409899902344266e-01
9.158792651367188009e-01
9.170517858886718665e-01
9.137336999511719293e-01
9.138116076660156573e-01
9.237751867675780826e-01
9.129916833496093398e-01
9.128890856933593589e-01
9.130186804199218464e-01
9.122287438964843398e-01
9.130392565917968550e-01
9.060971154785156800e-01
9.086048693847655899e-01
9.079982104492188011e-01
9.109148730468750177e-01
9.240181506347656670e-01
9.263377026367187739e-01
9.149482385253906447e-01
9.215958947753906116e-01
9.192333483886718781e-01
9.116030175781250078e-01
8.990057360839843748e-01
9.086046093749999830e-01
9.107912194824219210e-01
9.102786608886718200e-01
9.020587780761718522e-01
9.166971130371093235e-01
9.098613269042968854e-01
8.993452697753906433e-01
8.974437390136719150e-01
8.944011840820312864e-01
8.942685217285156751e-01
8.961477429199218303e-01
9.147119177246093580e-01
8.907092199707030700e-01
9.015721240234374489e-01
9.109596679687500531e-01
8.904294189453124675e-01
8.948302563476562277e-01
8.931771093749999446e-01
8.895659936523437894e-01
8.946101391601563035e-01
8.978762036132812430e-01
8.966611413574219203e-01
