2.306940789794921898e+00
2.613763771057128760e-01
1.719176807403564322e-01
1.249565751393636043e-01
9.061149253845214580e-02
7.339526373545328386e-02
6.193430817921956322e-02
5.020848770141601858e-02
3.983658984502156525e-02
3.258527574539184235e-02
3.190908438364664645e-02
2.469032347997029628e-02
1.947612438201904231e-02
1.759016682306925594e-02
1.719526518185933439e-02
1.415912469228108699e-02
1.111751442750294992e-02
8.932934244473774571e-03
7.567188978195190513e-03
6.673399567604065309e-03
5.667285048961639635e-03
5.035318303108215175e-03
4.622718656063080217e-03
5.641956949234009158e-03
4.580055888493856156e-03
3.487962730725606159e-03
3.097874156634012645e-03
3.043893239895502541e-03
2.614881273110707550e-03
2.669226924578348582e-03
2.656380357344945153e-03
4.180234583218892137e-03
6.152933724721272764e-03
8.151462543010710993e-03
1.006519347826639876e-02
1.203798662424087479e-02
7.551559420426686743e-03
4.784817369778950752e-03
2.031712907552718928e-03
1.327335723241170311e-03
9.431757887204488509e-04
9.489747037490208620e-04
8.692183454831440984e-04
1.038109383980433120e-03
1.003272860248883560e-03
1.092683711647987393e-03
1.321154351035753799e-03
1.268694733579953408e-03
1.286953658858935043e-03
1.379412171244621347e-03
1.422295251488685632e-03
1.608810081084569195e-03
1.612687833110491419e-03
1.908994974692662530e-03
3.971858625411987115e-02
1.582561910947163919e-02
5.876633095741271712e-03
7.387425418694814477e-03
1.637229966123898792e-03
8.936959962050120519e-04
7.210504482189814511e-04
6.848673462867736978e-04
7.031194066007931702e-04
6.954744095603624743e-04
7.305216088891029096e-04
7.816695561011631922e-04
8.274177332719167069e-04
9.339553693930307968e-04
9.977714459101357999e-04
9.654453525940576803e-04
1.030116959412892639e-03
1.064306359489758814e-03
1.119463554024696357e-03
1.443166129787762852e-03
1.551364376147588075e-03
3.834489572048187418e-03
4.363861424128214622e-02
1.866273554166157991e-02
1.306735947132110602e-02
4.124740739663441610e-03
1.350832578539848351e-03
6.974025835593541207e-04
5.674398779869079890e-04
5.148511399825413809e-04
5.314951926469802836e-04
5.314318244655926544e-04
5.841348653038342699e-04
6.264610961079597300e-04
6.451611965894699617e-04
7.141642272472381592e-04
7.188264658053715884e-04
8.033833011984825665e-04
8.597933590412139412e-04
8.672633479038874011e-04
1.041239613294601529e-03
9.769672185182571179e-04
9.802256594101587880e-04
1.373455122113227938e-03
1.129162768522898276e-03
1.436565940578778599e-03
1.279918398459752504e-03
