2.109207391357422079e+00
4.236882186889648350e-01
1.948431310017903761e-01
1.445127417246500623e-01
1.178505589803059833e-01
1.021864660263061553e-01
9.076509246826171273e-02
8.177302614847818674e-02
7.519511864980062132e-02
6.928004506429036313e-02
6.455098460515340530e-02
6.061970418294270607e-02
5.686625766754150463e-02
5.428938210805257097e-02
5.101132300694783545e-02
4.791736173629760481e-02
4.551757229169210023e-02
4.306186087926228839e-02
4.130893201828002986e-02
3.923435195287068578e-02
3.705189669926961527e-02
3.601759382883707589e-02
3.359082330067952177e-02
3.253924506505330438e-02
3.077997611363728764e-02
2.946508557001749698e-02
2.830544662475585962e-02
2.693596668243408362e-02
2.577720610300699919e-02
2.425341021219889343e-02
2.346806600888570044e-02
2.242203389803568495e-02
2.125741413434346569e-02
2.067759838104248071e-02
1.979274902343750031e-02
1.876165642738342187e-02
1.812356397310892903e-02
1.723542143503824925e-02
1.668037204742431681e-02
1.581254421869913648e-02
1.527004528045654286e-02
1.455444127718607573e-02
1.400936239560445114e-02
1.336240372657775816e-02
1.301575771967570030e-02
1.230823283990224205e-02
1.219590384960174585e-02
1.157716346581776946e-02
1.105620377063751270e-02
1.117067741552988692e-02
1.072817039489746063e-02
1.012895356814066603e-02
9.976886757214864510e-03
9.426292634010315780e-03
8.897269821166991360e-03
8.887491504351297672e-03
8.327099442481994754e-03
8.207375530401865918e-03
7.978023473421733125e-03
7.656032824516296499e-03
7.389322555065154681e-03
7.363964700698852860e-03
7.086518112818400439e-03
6.692476781209310069e-03
7.199475057919820301e-03
6.498781053225199771e-03
6.237642550468444971e-03
6.759378457069397002e-03
5.974936246871948367e-03
5.809417756398519220e-03
5.765326372782389464e-03
5.850338975588480726e-03
5.587933337688446439e-03
5.554032643636067600e-03
5.262011035283406871e-03
5.267717746893565110e-03
5.226784880956013811e-03
5.358943446477254166e-03
5.139154724280039534e-03
5.034867227077483715e-03
4.879186316331227471e-03
4.945317478974660570e-03
4.801871085166930890e-03
4.592956002553304391e-03
4.755759867032368672e-03
4.805194958051046093e-03
4.407775835196177036e-03
4.559486540158589479e-03
4.440753070513407154e-03
4.486419550577799668e-03
4.340507531166076793e-03
4.431617148717244790e-03
4.237087657054265655e-03
4.136234541734059439e-03
4.160000483194987130e-03
4.054285109043121241e-03
3.970127546787261680e-03
4.141672402620315448e-03
4.314416821797688664e-03
4.350482348601023182e-03
3.770689109961191873e-03
