2.313977404785156455e+00
8.943357187906900707e-01
3.206250017801920427e-01
2.373672871907551996e-01
1.927056035359700492e-01
1.626615455627441476e-01
1.424005898793538338e-01
1.263003355662027927e-01
1.136278104146321577e-01
1.039746535619099910e-01
9.578882904052733738e-02
9.008049316406249729e-02
8.190213343302409077e-02
7.713693119684855715e-02
7.176418126424154165e-02
6.720574010213216376e-02
6.422615718841552523e-02
6.173267402648925650e-02
5.624413604736328010e-02
5.362074861526489045e-02
5.114216505686441927e-02
4.850725336074829253e-02
4.590776519775390668e-02
4.381006288528442594e-02
4.240871092478434162e-02
3.922934516270955296e-02
3.748375190099080545e-02
3.557297163009643520e-02
3.359012827873229801e-02
3.239434990882873733e-02
3.092513766288757307e-02
2.994328549702962236e-02
2.814173981348673526e-02
2.782319299379984456e-02
2.569329217274983826e-02
2.438472657203674329e-02
2.442270528475443472e-02
2.239109870592752988e-02
2.131247003873189272e-02
2.100820700327555440e-02
1.996477334499359088e-02
1.921628843943277987e-02
1.819072143236796085e-02
1.777298034032185822e-02
1.744676507314046193e-02
1.598531815210978146e-02
1.518187248706817649e-02
1.500055727958679239e-02
1.433304208914438875e-02
1.431302242279052818e-02
1.342177968025207516e-02
1.324266368548075376e-02
1.279804724057515518e-02
1.229366497993469171e-02
1.246594405968983951e-02
1.114441624482472720e-02
1.101479825973510768e-02
1.062875723044077493e-02
1.038925352891286250e-02
9.698899809519450146e-03
1.015284173488617027e-02
9.188382236162822084e-03
8.773546997706094946e-03
8.886874222755431624e-03
8.452375634511311367e-03
8.916783571243286355e-03
8.528348954518635838e-03
8.255934572219849124e-03
7.633051315943399986e-03
7.563680712381998586e-03
7.200353884696960270e-03
7.250979558626810886e-03
7.217241358757018992e-03
6.733138370513916046e-03
6.756203114986419379e-03
7.006664248307545653e-03
6.441655977567036992e-03
6.580948352813720606e-03
6.341478455066680738e-03
6.145951529343923053e-03
6.309742434819539010e-03
6.253192957242329972e-03
6.127905035018921254e-03
6.018041360378265439e-03
5.662358339627584017e-03
5.680532550811767147e-03
5.575749802589416437e-03
5.303028909365336066e-03
5.792784837881723679e-03
5.531530582904815342e-03
5.377077742417653468e-03
5.168834678332010976e-03
5.240293637911478883e-03
4.969692734877268793e-03
5.082066253821054987e-03
5.084300994873046722e-03
4.863597269852955839e-03
4.796937827269236003e-03
4.942020777861277220e-03
5.208808040618896802e-03
4.659447697798410788e-03
