2.303650677998860807e+00
3.283386434237162144e-01
2.436683428764343240e-01
2.007877176920573048e-01
1.697274935881296909e-01
1.472202629407246832e-01
1.313775869210561109e-01
1.133328768809636483e-01
1.018020514170328711e-01
9.229087942441303871e-02
8.494784655173619192e-02
7.522897089322408415e-02
7.093017539183298081e-02
6.336703747908274675e-02
6.006166609923044991e-02
5.524057724078496046e-02
5.229464902877807575e-02
4.785745545228322489e-02
4.481737737655639570e-02
4.246371243794758860e-02
3.819486989180247150e-02
3.822782603899638199e-02
3.499268982013066520e-02
3.278913201491037710e-02
3.005483097831408018e-02
3.043858826557795105e-02
2.746161296765009530e-02
2.613522539138794093e-02
2.391583755811055659e-02
2.317154904603958149e-02
2.291592308282852306e-02
2.015318431059519300e-02
1.838810348908106324e-02
1.805562221308549403e-02
1.824906028707822328e-02
1.621708034475644392e-02
1.482025264302889479e-02
1.483950380682945262e-02
1.419868455479542449e-02
1.408015463749567701e-02
1.513973481257756618e-02
1.312210416893164373e-02
1.359645621677239673e-02
1.175191378891468109e-02
1.044774861534436550e-02
1.050125022331873520e-02
1.076674407025178352e-02
1.149403810600439779e-02
1.045204359094301788e-02
9.842080490291118047e-03
1.054386631846427995e-02
9.364245966076850669e-03
9.298039636015891993e-03
8.382573623458544274e-03
9.066557152569293399e-03
9.350316047668456865e-03
1.323381571571032207e-02
8.618931530912716382e-03
8.186074902117252208e-03
9.355330248673757176e-03
7.874753857652346672e-03
8.699590097864468366e-03
8.642901899417241782e-03
6.973562728861967298e-03
6.646638259291648768e-03
8.449807881315548469e-03
1.112533862441778161e-02
6.673233784238497696e-03
7.201081029574076496e-03
9.944238833586374615e-03
6.312160388628642108e-03
9.391475650668144187e-03
6.860609854261080429e-03
8.581862097978591383e-03
9.245804476737975314e-03
7.048384075860182271e-03
6.341255697111288468e-03
8.769883516430855563e-03
6.103214005629221950e-03
5.971958401302496743e-03
8.035226885477701059e-03
7.561758370200792785e-03
6.685339859127998122e-03
6.308193085590997964e-03
8.306893859306972022e-03
6.523940150936444540e-03
5.559207079807917257e-03
5.999760864675044922e-03
5.463855014741420858e-03
7.375659333666165565e-03
7.336448131004969647e-03
7.067231015364328940e-03
5.300294361511866115e-03
4.828509823481241456e-03
4.831248492499192262e-03
4.753973196943601064e-03
6.058108847339947756e-03
7.394195490082105214e-03
7.583741454780101345e-03
6.370915315548579018e-03
5.727083877722422521e-03
8.569814271231492378e-03
7.036756899952888167e-03
5.698476415872573420e-03
5.451296522716681144e-03
5.438226003448168831e-03
4.834658155341942792e-03
6.627647900084654778e-03
5.960686042904853911e-03
1.031936555008093441e-02
5.947345009446144103e-03
6.019020050764083835e-03
5.039139817655086638e-03
6.272297655045985798e-03
4.383450959622860015e-03
6.127865665157636137e-03
5.279758670926094043e-03
6.911209553480148621e-03
8.406788138548533865e-03
7.306383355955283106e-03
6.009967426458994594e-03
7.965329140424727561e-03
5.713442678749560896e-03
5.928286380072434955e-03
4.921146970738967015e-03
5.540082237124443337e-03
6.293958013256391315e-03
6.359465744594733003e-03
5.585161804407835426e-03
4.466133504112561325e-03
7.932583184540271948e-03
5.999815105274320000e-03
4.926282698412736208e-03
5.996539022028446290e-03
5.160078367839256684e-03
5.350347015758355647e-03
8.096897634863852930e-03
5.432199353973070875e-03
5.839484144747257403e-03
4.159712950388590180e-03
4.806243535876273884e-03
5.806044696768124756e-03
5.501911552747090241e-03
5.602716871102650723e-03
6.584053918719291916e-03
4.117214580376942802e-03
3.890022482474644796e-03
5.433331598341465361e-03
8.042169201374054638e-03
8.029451688130696471e-03
7.057911269863446739e-03
