2.304596163431803291e+00
2.638833544413248799e-01
1.698211905002594002e-01
1.266701912879943936e-01
1.010853256225585917e-01
8.446465396881103205e-02
7.011455070972442971e-02
6.080283054510752377e-02
5.174815299510955591e-02
4.575710090796152735e-02
4.081528608798980912e-02
3.592683486938476334e-02
3.153284515937169324e-02
2.806087841987610007e-02
2.683380059798558606e-02
2.430982745488484767e-02
2.032327294548352467e-02
1.793318286935488212e-02
1.604658734301726147e-02
1.502226253946622146e-02
1.381159775853157100e-02
1.337388168275356268e-02
1.170793365240097028e-02
1.288776678343613903e-02
1.108376623193422887e-02
9.016896753013134425e-03
8.738388566424448722e-03
9.235446380575497785e-03
8.030961802601814525e-03
7.566411992907523879e-03
7.709736506144205560e-03
7.025851324697335483e-03
1.002014150619506827e-02
6.099499791860580125e-03
5.939060780405997983e-03
6.504949875175952863e-03
5.877119509379069399e-03
4.693948656817277520e-03
6.183069090048472390e-03
5.386187872290611016e-03
4.926435337464014907e-03
5.280030153691768306e-03
4.934896425654491069e-03
5.610990626116594063e-03
5.269959099094072633e-03
4.397818796336650654e-03
3.842920408149560259e-03
6.527552203834057105e-03
5.273985851804415328e-03
4.499174712970853245e-03
3.595937988162040914e-03
3.464669200032949488e-03
3.849422263105710309e-03
3.945426660279432833e-03
4.060410968959331582e-03
3.748975500712792286e-03
4.269054529567559500e-03
5.948038493593534211e-03
3.982208749403555806e-03
6.799059297641118008e-03
3.289867426206668187e-03
3.203120087087154601e-03
3.004341915746530037e-03
4.432002426187197502e-03
4.292854008823633258e-03
1.182357710500558240e-02
4.970397597302993187e-03
3.068282449245452771e-03
3.161335809528827579e-03
2.871823172519604415e-03
2.523322143033146676e-03
6.742189502716064084e-03
9.529256255427996300e-03
3.376371302455663786e-03
2.914121364057063995e-03
2.322394652540484949e-03
2.384929509957631286e-03
3.983666035036245896e-03
5.680298597365617333e-03
6.461087060719728631e-03
3.640454577406247380e-03
2.406383091459671653e-03
2.223885586609442976e-03
2.526725911473234627e-03
2.554657255113124744e-03
4.357987148687243739e-03
6.804559357464313313e-03
5.884339302778244032e-03
3.138010264933109410e-03
2.512952331205209246e-03
2.634343507885932890e-03
3.403853999574979299e-03
2.292926001300414456e-03
4.264518575370311419e-03
9.575053294003009474e-03
4.779646281401316553e-03
3.123897743721802938e-03
2.567544933408498660e-03
2.406691422810156977e-03
2.200454092274109485e-03
2.550586834549903661e-03
3.555287282417217941e-03
8.739666440089543034e-03
5.127585532764593335e-03
2.321941202133893933e-03
2.105014575521151239e-03
2.181510737289984927e-03
3.267742254585027668e-03
3.357318112254142808e-03
1.706763889590899239e-02
4.449631874014934110e-03
2.722581987828016394e-03
2.128623402615388138e-03
2.614418670535087388e-03
2.361573062340418475e-03
3.080387950191895187e-03
8.568620318671067715e-03
4.814174774289131133e-03
3.239683404564857455e-03
2.125954157114029030e-03
1.821101308365662965e-03
2.086978604892889867e-03
2.568282937506834607e-03
2.787569634864727787e-03
1.464030447353919379e-02
6.174106838057438935e-03
3.569020952284336027e-03
2.015681966021656835e-03
1.964903590704003989e-03
1.997098081310590308e-03
4.238439052800337115e-03
9.894548017283280247e-03
3.812229091674089639e-03
2.419551749527454245e-03
2.148318992058436024e-03
1.997465759515762267e-03
2.289355228096246614e-03
2.415861536065737423e-03
5.492480019976695750e-03
6.166937956710656817e-03
2.773211820858220190e-03
2.532251198589801841e-03
2.112087836861610297e-03
2.458670046180486558e-03
6.815221900741259137e-03
9.226246133446693379e-03
3.111423403397202674e-03
1.843939232577880300e-03
1.755257535974184607e-03
2.082688947021961359e-03
2.549283625185489593e-03
