1.702426953125000031e+00
2.201581298828124977e-01
1.386663417816162147e-01
1.036992089589436894e-01
8.608831024169921742e-02
7.097870750427245912e-02
6.318587106068929149e-02
5.500925299326579060e-02
4.878364823659261246e-02
4.428545678456624612e-02
3.936995623906453662e-02
3.490381525357564435e-02
3.208550914128621701e-02
3.018476289113362562e-02
2.656762631734212177e-02
2.422420641581217449e-02
2.203433702786763634e-02
2.152353841463724646e-02
1.980527385075887131e-02
1.750909835497538314e-02
1.575605134963989351e-02
1.447681336402893010e-02
1.360763228734334328e-02
1.213292310237884530e-02
1.116324998537699363e-02
1.056929607391357377e-02
9.822231602668762829e-03
1.024164331754048689e-02
8.968675033251443870e-03
8.040559935569763228e-03
6.924226431051889834e-03
6.709887615839640017e-03
6.063757598400116265e-03
6.044998741149902079e-03
5.410873885949452761e-03
5.190997886657715277e-03
4.934591404596964763e-03
4.756724325815836485e-03
5.054636458555857720e-03
4.496120198567708434e-03
4.199688025315602945e-03
4.057215758164724011e-03
4.372599498430888160e-03
4.442294649283091111e-03
3.633682386080424199e-03
4.173421518007914416e-03
3.661474243799845395e-03
3.615196118752161524e-03
3.691389296452204580e-03
3.841839631398519077e-03
3.113039739926656141e-03
3.408170604705810462e-03
3.553215038776397650e-03
2.981380973259607943e-03
3.355494892597198509e-03
3.399477938810984388e-03
3.954590070247649726e-03
3.238500452041625979e-03
2.810551504294077525e-03
2.895421298344929943e-03
2.783191702763239492e-03
3.218667185306548894e-03
2.717966113487879296e-03
2.907277554273605524e-03
2.756100183725357020e-03
3.504293096065521328e-03
3.406761149565378649e-03
3.079006453355153348e-03
3.009259243806203330e-03
3.053367072343826216e-03
2.585296557346979714e-03
2.359017882744471415e-03
2.113932222127914377e-03
2.202722412347793771e-03
2.322175554434458521e-03
2.137430910269419362e-03
2.566347771883010706e-03
2.332607978582382224e-03
3.146229453881581577e-03
3.337011917432149317e-03
2.601803764700889605e-03
4.869015447298685913e-03
3.340702048937479584e-03
3.669660413265228398e-03
6.770368830362956045e-03
3.998340209325154833e-03
3.163661030928293684e-03
1.840150700012842862e-03
1.399117161830266270e-03
1.405976186196009319e-03
1.502642067273457852e-03
1.596505516767501853e-03
1.804388223091761296e-03
1.663746539751688675e-03
1.893362494309743307e-03
1.988282767931620273e-03
1.912331475814183597e-03
2.003960536917050693e-03
2.162109365065892613e-03
2.064244534571965488e-03
2.565354025363922059e-03
