2.306944884745279811e+00
3.489141036987304934e-01
2.625777112960815396e-01
2.159333246231079084e-01
1.811224183400471921e-01
1.578513681729634688e-01
1.411185698350270468e-01
1.228751094977060948e-01
1.109687608718872009e-01
1.016821457068125406e-01
9.224362552165984996e-02
8.617612228393554952e-02
7.784252120653788187e-02
7.209242625236511604e-02
6.681116331418354704e-02
6.195994778076807652e-02
5.842080961068471523e-02
5.411447141965230329e-02
5.047389027674992895e-02
4.934319912195205687e-02
4.463943993250529124e-02
4.106643743912379019e-02
3.914870956341425651e-02
3.678165440956751575e-02
3.447148294250170636e-02
3.402286020914713216e-02
3.185372217893600588e-02
2.830061666568120179e-02
2.828821349442005306e-02
2.556250164310137560e-02
2.435919261574745129e-02
2.409176420768101984e-02
2.117455715934435379e-02
2.047627709507942109e-02
1.949755764951308437e-02
1.989909648696581643e-02
2.034220030903816090e-02
1.738873753050963061e-02
1.684322219292322745e-02
1.544403845965862214e-02
1.480458776752154038e-02
1.449464324116706872e-02
1.335465717315673789e-02
1.263258594075838785e-02
1.285355727076530410e-02
1.249190841317176885e-02
1.187369475662708278e-02
1.071134370664755461e-02
1.114203327099482291e-02
1.073063930471738169e-02
1.213546915650367750e-02
9.681316153208415279e-03
1.053295128842194825e-02
1.032206859389940903e-02
1.070073009530703168e-02
1.041794547537962592e-02
9.034594958027204400e-03
9.752567575375238954e-03
1.060169675151507139e-02
9.096644927064577099e-03
7.500893097122510352e-03
8.263844634095827285e-03
7.369290850559870494e-03
9.578724199533462935e-03
8.570656933387120480e-03
8.879430630803108321e-03
8.664480880399545379e-03
6.663560306032498617e-03
8.125020550191403013e-03
1.003754229744275445e-02
8.128993658969799890e-03
7.367904282609622109e-03
8.449557867646216927e-03
6.872846974929174013e-03
6.462852363288402666e-03
5.739591172337531882e-03
7.442980206012726058e-03
8.095666122436524087e-03
7.376961753765742119e-03
6.022181142369906377e-03
7.480683460334936960e-03
5.561325223247210424e-03
7.432693645854791288e-03
8.528034199277560040e-03
5.960892075300216336e-03
5.260731348395347555e-03
7.082119078437486975e-03
5.643925536920627040e-03
7.225602544844150939e-03
5.557978769143422440e-03
6.335993511974811337e-03
9.151844811439513797e-03
8.963039391239484288e-03
5.355889732638994573e-03
7.770363173137108566e-03
8.725709084173043431e-03
6.457608129580815794e-03
7.436220892270406328e-03
8.643031778931617795e-03
7.824826496342817544e-03
5.720922571420669275e-03
5.783909307916958696e-03
5.969687326252460374e-03
6.555350548525651702e-03
6.028195026516914613e-03
7.518314134577910347e-03
7.340746465325355928e-03
4.788392283519109054e-03
6.157007504502932417e-03
5.434769986569881230e-03
4.754229355355103423e-03
4.896161892016729147e-03
7.786155313253402717e-03
6.638094708820183737e-03
5.580611934264500910e-03
4.374723556886116714e-03
5.010229689379533217e-03
5.728848268588384099e-03
6.856466099619865605e-03
7.179981343944867589e-03
5.698040485382079717e-03
4.363499492406845183e-03
4.491250185668468897e-03
5.758397417267163698e-03
6.865719325343767714e-03
9.025520036617913980e-03
5.553135616083939782e-03
4.424583588043849020e-03
5.733209856847922004e-03
4.450972149272760039e-03
4.703274130572875772e-03
5.897504729032516241e-03
4.912997998793919643e-03
4.587073075771331589e-03
5.160651519397894960e-03
5.523656482994556728e-03
8.305465386807918751e-03
7.732632484038670824e-03
4.980294751624265992e-03
5.063314490516980515e-03
4.372921974956989373e-03
3.929604073862234641e-03
1.031062030096848749e-02
6.388687450687090610e-03
6.559038771688938119e-03
7.481625984112421322e-03
7.319686020414034773e-03
7.508175161977609022e-03
5.990201709667841538e-03
4.527640131115913576e-03
8.975451537966729065e-03
