2.392721623535156272e+00
1.860097280273437459e+00
1.643290537109374894e+00
1.566719492187500062e+00
1.502134863281249899e+00
1.478885312500000104e+00
1.455538022460937553e+00
1.416415930175781268e+00
1.381163815917968662e+00
1.363892395019531190e+00
1.357161535644531236e+00
1.334759221191406331e+00
1.310184316406250105e+00
1.292442678222656349e+00
1.262779438476562488e+00
1.257030603027343707e+00
1.249120861816406247e+00
1.220585183105468818e+00
1.205834755859374940e+00
1.198002180175781195e+00
1.186779177246093830e+00
1.186778100585937468e+00
1.157246729736328028e+00
1.153583796386718818e+00
1.132616002197265548e+00
1.134899406738281158e+00
1.108558962402343750e+00
1.092530034179687526e+00
1.087399875488281209e+00
1.092745751953124955e+00
1.067291896972656140e+00
1.054369968261718693e+00
1.045492955322265605e+00
1.060046833496093743e+00
1.031625882568359298e+00
1.028407548828125018e+00
1.050047399902343859e+00
1.004183823242187579e+00
1.003747821044921773e+00
9.917994653320312270e-01
9.817518908691406088e-01
9.804473950195312648e-01
9.891125939941406431e-01
9.934212805175781646e-01
9.576056127929687412e-01
9.544714099121093254e-01
9.635429382324218750e-01
9.423489416503906257e-01
9.181753417968749886e-01
9.148599877929687318e-01
9.103278137207031495e-01
9.109544665527343765e-01
9.289809423828124801e-01
8.994277551269531656e-01
8.839119775390624767e-01
8.971734851074218975e-01
8.971364587402343993e-01
8.818742651367187380e-01
8.653089916992187103e-01
8.750907189941405928e-01
8.710525622558593639e-01
8.479572204589843620e-01
8.512967761230468833e-01
8.459191735839843851e-01
8.250359045410156078e-01
8.397946362304687939e-01
8.210032507324218631e-01
8.458736499023437050e-01
8.488128613281249457e-01
8.014734960937499597e-01
7.900792822265625404e-01
8.146554895019531006e-01
7.906180627441405928e-01
8.038126928710938035e-01
7.994267175292968375e-01
7.818037536621094130e-01
7.813710034179687236e-01
7.866368688964843203e-01
7.678496166992186955e-01
7.625600036621094091e-01
7.506389489746093657e-01
7.638717773437500025e-01
7.471733654785156498e-01
7.379207128906249968e-01
7.422523632812499939e-01
7.403096728515624614e-01
7.398865258789062427e-01
7.289684411621093485e-01
7.271352575683593944e-01
7.175034204101562452e-01
7.031355004882812176e-01
7.100425476074219144e-01
7.066016772460937956e-01
6.948024682617187642e-01
7.373912402343749672e-01
6.917759606933593375e-01
6.895377587890625382e-01
6.841728076171874617e-01
6.688084924316406443e-01
6.715556152343750140e-01
6.757846276855469236e-01
6.649117675781249792e-01
6.569469091796874549e-01
6.590910681152343242e-01
6.690342199707031146e-01
6.464052362060547230e-01
6.467009509277343859e-01
6.380888659667969254e-01
6.352538610839844058e-01
6.420625817871093988e-01
6.382683886718749644e-01
6.365630334472656138e-01
6.123330859375000212e-01
6.456696398925780844e-01
6.197104388427734367e-01
6.038303265380859930e-01
6.391408972167968994e-01
6.398806091308594235e-01
6.017768243408203599e-01
6.256417431640625137e-01
5.965324841308593529e-01
5.827114526367187519e-01
5.873732092285156581e-01
5.783699566650390977e-01
5.879187634277344143e-01
6.000817419433593924e-01
5.818551300048827590e-01
5.763735229492187306e-01
5.533245886230468980e-01
5.627615820312500405e-01
5.630306182861327668e-01
5.552902471923828465e-01
5.798878784179687385e-01
5.421427496337890561e-01
5.428799224853515515e-01
5.827759118652343640e-01
5.338945739746093766e-01
5.483882373046875536e-01
5.502019647216797038e-01
5.205725097656249689e-01
5.389169757080077838e-01
5.741863641357421999e-01
5.188807769775390932e-01
5.190993627929687548e-01
5.311035559082031288e-01
5.191134857177734929e-01
5.064941235351562154e-01
5.139604785156249855e-01
5.362667932128906134e-01
5.023723242187499993e-01
5.079984301757812792e-01
4.944788482666015450e-01
4.947251654052734482e-01
4.915848248291015410e-01
5.122287341308593422e-01
4.953925872802734109e-01
5.057939074707030747e-01
4.746551586914062315e-01
4.933836334228515752e-01
4.722419683837890680e-01
4.886630419921875190e-01
4.865834710693359155e-01
4.885714422607421725e-01
4.716625225830078372e-01
4.644521398925781086e-01
4.765782348632812693e-01
4.527831903076172115e-01
4.563796130371093884e-01
4.589806146240234530e-01
4.445242224121093710e-01
4.701658422851562324e-01
4.458881884765624748e-01
4.705142785644531034e-01
4.607272070312499745e-01
4.628447845458984466e-01
4.240182525634765831e-01
4.494428472900390825e-01
4.243779711914062447e-01
4.422902862548828140e-01
4.352652246093750010e-01
4.287584973144531464e-01
4.173134844970702861e-01
4.474734948730468842e-01
4.244920983886718568e-01
4.084839453124999853e-01
3.981990734863281034e-01
4.039276135253906386e-01
4.232595147705078276e-01
4.075475933837890419e-01
4.338182531738281056e-01
3.948264019775390432e-01
3.925638452148437763e-01
3.833719311523437479e-01
4.204651745605468838e-01
3.961690301513671741e-01
3.992683496093750173e-01
4.261011938476562677e-01
3.974826086425781169e-01
3.756529046630859292e-01
4.139983764648437758e-01
4.155129467773437391e-01
3.786121386718749871e-01
3.710308923339843967e-01
3.633116790771484528e-01
3.636336700439453118e-01
3.983786010742187411e-01
3.772192236328125170e-01
3.853329101562499859e-01
3.691770471191406222e-01
3.583761334228515727e-01
3.744744024658203108e-01
3.658672351074218621e-01
3.803650610351562711e-01
3.729694305419921641e-01
3.582661560058593708e-01
3.783495452880859533e-01
3.592150640869140599e-01
3.773504095458984353e-01
3.638808172607421731e-01
3.380210162353515790e-01
3.450162530517578152e-01
3.289490521240234222e-01
3.405793237304687304e-01
3.517717974853515894e-01
3.386170001220702996e-01
3.227893865966796616e-01
3.465024218750000218e-01
3.518554620361328267e-01
3.319699304199218992e-01
3.231152343750000044e-01
3.452241882324219024e-01
3.377805041503906258e-01
3.541929058837890443e-01
3.314297076416015675e-01
3.422191949462890515e-01
3.215831091308593570e-01
3.057563256835937326e-01
3.120128692626953359e-01
3.266539569091796991e-01
3.054896786499023409e-01
2.997931286621093872e-01
3.320236553955078218e-01
2.962584088134765370e-01
3.181398400878906463e-01
3.828141430664062650e-01
2.996231854248047055e-01
3.159294796752929457e-01
2.813097048950195522e-01
2.984767651367187247e-01
3.144227075195312748e-01
3.051411102294921962e-01
3.073610610961913792e-01
2.853270220947265456e-01
2.931796517944336156e-01
2.685430172729492138e-01
2.735252877807617389e-01
2.863078924560547023e-01
2.889040881347656464e-01
2.697783663940429566e-01
2.737685989379882723e-01
2.591516345214843753e-01
2.649278320312499768e-01
2.761369824218750102e-01
2.716670034790039101e-01
3.019805480957031274e-01
2.799010632324218650e-01
2.822300173950195168e-01
2.936882812500000162e-01
2.455505505371093633e-01
2.943312829589843638e-01
2.656900674438476551e-01
2.745285507202148700e-01
2.603996258544921671e-01
2.558252340698242144e-01
3.018148544311523573e-01
2.515195758056640862e-01
2.399991311645507941e-01
2.370324096679687631e-01
2.532365701293945448e-01
2.622011404418945202e-01
2.528750796508789089e-01
2.565176135253905976e-01
2.575856488037109315e-01
2.344024993896484388e-01
2.584704525756835736e-01
2.400639999389648505e-01
2.391497683715820277e-01
2.352666073608398467e-01
2.217601980590820365e-01
2.239521984863281356e-01
2.273974426269531335e-01
2.234280804443359303e-01
2.311801272583007827e-01
2.383354702758788968e-01
2.778166577148437622e-01
2.226960598754882947e-01
2.252405648803710858e-01
2.387301864624023495e-01
2.280097143554687400e-01
2.329185342407226467e-01
2.205227731323242124e-01
