2.308415405273437582e+00
1.991834277343750070e+00
1.790189008789062397e+00
1.717272517089843742e+00
1.675032172851562473e+00
1.645486872558593827e+00
1.621585913085937580e+00
1.605590039062499974e+00
1.598424536132812435e+00
1.576631140136718789e+00
1.566267949218749900e+00
1.555378317871093818e+00
1.543475979003906318e+00
1.530942507324218660e+00
1.522962114257812472e+00
1.514022238769531237e+00
1.502970690917968755e+00
1.504368049316406220e+00
1.495102192382812500e+00
1.484525014648437446e+00
1.475144470214843739e+00
1.472226801757812398e+00
1.467601088867187542e+00
1.464421899414062533e+00
1.453776518554687591e+00
1.455920195312500054e+00
1.448708645019531227e+00
1.443199035644531225e+00
1.438898227539062491e+00
1.427791020507812592e+00
1.420733041992187529e+00
1.422837016601562476e+00
1.419353034667968805e+00
1.411271315917968838e+00
1.409594960937500030e+00
1.429100717773437390e+00
1.396116972656249899e+00
1.401184536132812575e+00
1.393258732910156228e+00
1.396643266601562461e+00
1.383776826171875030e+00
1.384790607910156179e+00
1.385277145996093751e+00
1.383713452148437550e+00
1.374107478027343676e+00
1.372327041015624971e+00
1.370540856933593732e+00
1.366079655761718747e+00
1.369535209960937472e+00
1.369451408691406247e+00
1.357754916992187422e+00
1.355471062011718741e+00
1.359785373535156161e+00
1.354410922851562393e+00
1.359584816894531256e+00
1.352249255371093639e+00
1.351985925292968682e+00
1.351959816894531263e+00
1.345194926757812492e+00
1.340694509277343682e+00
1.335645253906249996e+00
1.337737185058593736e+00
1.334011323242187519e+00
1.334320046386718861e+00
1.338922016601562515e+00
1.330012758789062444e+00
1.326949743652343860e+00
1.328447739257812454e+00
1.325336967773437458e+00
1.325790744628906337e+00
1.320933417968749968e+00
1.321708798828125087e+00
1.321184956054687554e+00
1.319394587402343832e+00
1.317837702636718733e+00
1.311821967773437514e+00
1.310185925292968845e+00
1.317199455566406163e+00
1.321184006347656315e+00
1.307967468261718835e+00
1.307301435546875057e+00
1.302872722167968789e+00
1.306016752929687552e+00
1.302488474121093809e+00
1.298799868164062454e+00
1.300561977539062442e+00
1.300112441406249930e+00
1.293689067382812530e+00
1.292305283203124988e+00
1.298342822265625029e+00
1.306896428222656281e+00
1.293276179199218667e+00
1.291345097656249941e+00
1.287403308105468769e+00
1.289075815429687522e+00
1.289130725097656249e+00
1.284264836425781153e+00
1.297189855957031179e+00
1.280180122070312398e+00
1.294286718750000009e+00
1.278884611816406336e+00
1.280404340820312514e+00
1.274957910156250041e+00
1.279928059082031222e+00
1.282359089355468829e+00
1.303681809082031240e+00
1.270338898925781335e+00
1.270247233886718785e+00
1.267480297851562465e+00
1.266701677246093727e+00
1.277357529296875072e+00
1.268682382812500009e+00
1.271148090820312548e+00
1.263431313476562456e+00
1.268625048828124990e+00
1.264129489746093737e+00
1.259914675292968855e+00
1.266183144531249916e+00
1.259082993164062581e+00
1.261639287109374896e+00
1.259121960449218758e+00
1.262657290039062463e+00
1.262014235839843845e+00
1.268378496093750085e+00
1.264152128906250061e+00
1.255041655273437584e+00
1.247933183593749940e+00
1.259943518066406254e+00
1.250172702636718647e+00
1.247773928222656314e+00
1.243915576171874982e+00
1.250652700195312494e+00
1.249860668945312447e+00
1.248422404785156203e+00
1.246670507812499995e+00
1.242699788818359297e+00
1.247155932617187490e+00
1.241269992675781308e+00
1.245525786132812396e+00
1.238252602539062552e+00
1.242205568847656316e+00
1.237843208007812557e+00
1.237201455078124956e+00
1.240016606445312419e+00
1.244805190429687514e+00
1.232086225585937500e+00
1.234317985839843645e+00
1.240724741210937454e+00
1.233755473632812460e+00
1.234399250488281252e+00
1.232587341308593709e+00
1.233627353515625025e+00
1.229362855224609419e+00
1.234755207519531162e+00
1.231261721191406311e+00
1.239340407714843773e+00
1.222504067382812476e+00
1.231549914550781333e+00
1.225515202636718648e+00
1.232443471679687486e+00
1.224310456542968772e+00
1.226790639648437597e+00
1.221661257324218708e+00
1.233645187988281267e+00
1.220850541992187566e+00
1.216721079101562575e+00
1.222338669433593816e+00
1.227352998046874921e+00
1.221092626953125038e+00
1.214774902343749963e+00
1.218400087890624928e+00
1.218948370361328193e+00
1.213014509277343667e+00
1.217525538330078039e+00
1.209946176757812575e+00
1.215233122558593726e+00
1.213505991210937607e+00
1.209949121093750080e+00
1.210031892089843852e+00
1.214131765136718721e+00
1.208122492675781201e+00
1.212928032226562536e+00
1.215988923339843764e+00
1.213658208007812433e+00
1.229368867187500047e+00
1.204073154296875003e+00
1.207492434082031219e+00
1.201995483398437425e+00
1.203443698730468858e+00
1.205289804687500022e+00
1.206340853271484326e+00
1.206263529052734373e+00
1.224079880371093720e+00
1.202133112792968861e+00
1.212581099853515587e+00
1.196619450683593655e+00
1.197239682617187606e+00
1.195764235839843703e+00
1.203935363769531142e+00
1.203298479003906296e+00
1.206307847900390584e+00
1.196458475341796834e+00
1.200485520019531238e+00
1.195434722900390545e+00
1.190722880859375055e+00
1.191028022460937530e+00
1.191381533203125009e+00
1.190289980468749897e+00
1.189737852783203209e+00
1.196955993652343730e+00
1.192355966796875055e+00
1.195980093994140514e+00
1.189769116210937394e+00
1.184138986816406280e+00
1.194893349609374988e+00
1.186201623535156235e+00
1.187761978759765524e+00
1.196796169433593793e+00
1.183344213867187467e+00
1.184080557861328042e+00
1.188268967285156297e+00
1.181930397949218836e+00
1.181851475830078213e+00
1.181677009277343648e+00
1.182951894531250048e+00
1.182531838378906297e+00
1.195236669921875050e+00
1.178686950683593748e+00
1.182821494140624985e+00
1.187931206054687605e+00
1.182239538574218818e+00
1.174535762939453054e+00
1.181232751464843744e+00
1.186474682617187471e+00
1.175358444824218696e+00
1.178515040283203197e+00
1.173880012207031198e+00
1.186100654296875057e+00
1.184751542968750071e+00
1.176452657470703045e+00
1.171295002441406163e+00
1.172247856445312486e+00
1.181408111572265662e+00
1.181496241455078033e+00
1.172468210449218784e+00
1.175925657958984294e+00
1.169777564697265682e+00
1.172411717529296959e+00
1.170434748535156277e+00
1.176806250000000054e+00
1.167830318603515716e+00
1.164506274414062403e+00
1.171400339355468834e+00
1.168570590820312560e+00
1.167313149414062501e+00
1.166628562011718717e+00
1.163855969238281274e+00
1.169061636962890560e+00
1.167195574951171766e+00
1.170895161132812445e+00
1.160906260986328098e+00
1.161049399414062488e+00
1.169600380859374900e+00
1.171438415527343846e+00
1.163409885253906317e+00
1.166002419433593840e+00
1.158145408935546961e+00
1.156916934814453235e+00
1.161918105468749962e+00
1.156585263671874975e+00
1.164035086669921837e+00
1.158966035156250074e+00
1.165846114501953190e+00
1.166099997558593726e+00
1.156823693847656154e+00
1.160566823730468711e+00
1.161543763427734355e+00
1.153959442138671854e+00
1.157542797851562444e+00
1.154797619628906258e+00
1.159821040039062501e+00
1.153262312011718693e+00
1.161175246582031306e+00
1.155038790283203110e+00
1.161039785156249948e+00
1.155455422363281359e+00
1.148915811767578177e+00
1.154908414306640596e+00
1.148459616699218699e+00
1.150124813232421772e+00
1.158072454833984466e+00
1.150716834716796866e+00
1.153522564697265551e+00
1.158799260253906338e+00
1.153681933593750042e+00
1.159916141357421937e+00
1.149179610595703060e+00
1.145229147949218707e+00
1.146427160644531318e+00
1.154541495361328218e+00
1.149035109863281168e+00
