2.437324829101562340e+00
2.279549819335937588e+00
2.173486357421874793e+00
2.046004072265624973e+00
1.989168007812500027e+00
1.952745053710937428e+00
1.916697087402343680e+00
1.874649121093749926e+00
1.827196621093750029e+00
1.782578869628906215e+00
1.739093330078125055e+00
1.694035925292968647e+00
1.660055480957031149e+00
1.628744362792968747e+00
1.612139880371093792e+00
1.587177727050781195e+00
1.572882912597656224e+00
1.557013767089843848e+00
1.540317497558593818e+00
1.535079714355468861e+00
1.526662033691406295e+00
1.517269709472656158e+00
1.505626621093749895e+00
1.503644116210937520e+00
1.497770576171874923e+00
1.487554890136718821e+00
1.497051430664062543e+00
1.475149929199218723e+00
1.469002119140625062e+00
1.462201223144531159e+00
1.465062250976562508e+00
1.459514689941406207e+00
1.451416596679687476e+00
1.444801574707031300e+00
1.451075312499999992e+00
1.434403422851562526e+00
1.436175190429687554e+00
1.431143481445312560e+00
1.427857690429687576e+00
1.418868181152343810e+00
1.417031718749999891e+00
1.415321503906249889e+00
1.410431789550781190e+00
1.413817497558593761e+00
1.409913962402343790e+00
1.401789619140624943e+00
1.397135656738281329e+00
1.398674226074218652e+00
1.397280566406249980e+00
1.393901704101562444e+00
1.393542998046874981e+00
1.394422028808593783e+00
1.384607714843749893e+00
1.387737819824218732e+00
1.379594401855468666e+00
1.378737873535156311e+00
1.373316730957031329e+00
1.371974128417968730e+00
1.376388315429687426e+00
1.370487973632812606e+00
1.365272043457031348e+00
1.364039580078125091e+00
1.362383107910156266e+00
1.361787177734375076e+00
1.358713481445312565e+00
1.362248293457031245e+00
1.354376147460937485e+00
1.351776176757812475e+00
1.350515817871093649e+00
1.347408195800781305e+00
1.345300996093750090e+00
1.346925273437499904e+00
1.346202399902343805e+00
1.341402917480468693e+00
1.343399396972656312e+00
1.340693752441406206e+00
1.341014736328125068e+00
1.334955212402343827e+00
1.333588918457031314e+00
1.340135112304687404e+00
1.329677487792968682e+00
1.327416149902343800e+00
1.336013017578125073e+00
1.326028774414062417e+00
1.330495637207031345e+00
1.325785717773437566e+00
1.321192006835937516e+00
1.318153889160156300e+00
1.319949265136718841e+00
1.317261845703125100e+00
1.315971726074218751e+00
1.315755664062500108e+00
1.320470942382812485e+00
1.316514189453124928e+00
1.311863486328125106e+00
1.338663513183593778e+00
1.305593320312500083e+00
1.309064099121093783e+00
1.305989455566406221e+00
1.301406098632812425e+00
1.301739848632812446e+00
1.298254975585937609e+00
1.296707719726562402e+00
1.296612973632812471e+00
1.299515590820312427e+00
1.295761030273437475e+00
1.295230180664062480e+00
1.292555124511718834e+00
1.293235920410156226e+00
1.297581235351562556e+00
1.289713710937500091e+00
1.291418635253906322e+00
1.283690095214843785e+00
1.284257419433593839e+00
1.289511979980468848e+00
1.291651616210937492e+00
1.284034494628906176e+00
1.279598679199218658e+00
1.285915957031249945e+00
1.277751298828124993e+00
1.282795075683593744e+00
1.278092707519531190e+00
1.276635783691406179e+00
1.281817148437500054e+00
1.276724404296875059e+00
1.271159396972656230e+00
1.277832077636718688e+00
1.279807512207031150e+00
1.279091103515624939e+00
1.273211794433593669e+00
1.270303181152343752e+00
1.275082001953125044e+00
1.270387124023437453e+00
1.264907236328125073e+00
1.265784462890624962e+00
1.266042587890624960e+00
1.262720827636718779e+00
1.268330764160156221e+00
1.261376306152343751e+00
1.264606223144531194e+00
1.266082609863281361e+00
1.269765893554687608e+00
1.264350932617187562e+00
1.261527790527343651e+00
1.253855107421874893e+00
1.258772331542968859e+00
1.259344455566406173e+00
1.262496523437500073e+00
1.256650437011718857e+00
1.255336230468750092e+00
1.255714533691406176e+00
1.250117397460937418e+00
1.251071977539062408e+00
1.254496145019531328e+00
1.250854208984375049e+00
1.249566442871093752e+00
1.243373388671874968e+00
1.249579233398437461e+00
1.243140378417968650e+00
1.251784614257812400e+00
1.248552458496093642e+00
1.249303601074218673e+00
1.241232966308593699e+00
1.241840644531249982e+00
1.260834167480468837e+00
1.239972072753906307e+00
1.246711075439453031e+00
1.240050974121093663e+00
1.245617988281249922e+00
1.240168928222656231e+00
1.236898443603515529e+00
1.234643173828124940e+00
1.233727797851562391e+00
1.233458835449218860e+00
1.233698913574218681e+00
1.234324721679687542e+00
1.236442922363281349e+00
1.238223378906250005e+00
1.233440930175781158e+00
1.231149523925781253e+00
1.230395588378906169e+00
1.228534544677734486e+00
1.229937067871093692e+00
1.227692307128906313e+00
1.230274865722656319e+00
1.231931777343749923e+00
1.242232294921874924e+00
1.226435886230468730e+00
1.238136813964843652e+00
1.228412067871093694e+00
1.233806076660156181e+00
1.227372783203124929e+00
1.237193405761718656e+00
1.229366362304687543e+00
1.224065468750000107e+00
1.227090356445312391e+00
1.226113735351562539e+00
1.225178894042968647e+00
1.222995395507812555e+00
1.222506528320312480e+00
1.225431394042968858e+00
1.225320063476562416e+00
1.221162246093749904e+00
1.220923498535156249e+00
1.217751311035156325e+00
1.220133859863281156e+00
1.218162974853515657e+00
1.216094047851562499e+00
1.217948540039062610e+00
1.224812326660156270e+00
1.216696052246093673e+00
1.228600314941406202e+00
1.217479921875000093e+00
1.214347438964843651e+00
1.212424965820312561e+00
1.224828999023437559e+00
1.213263839111328179e+00
1.217436372070312522e+00
1.213344351806640686e+00
1.215320567626953174e+00
1.214270546874999912e+00
1.211845850830078231e+00
1.212560515136718697e+00
1.215851403808593689e+00
1.221305266113281274e+00
1.207112302246093671e+00
1.216623369140624966e+00
1.207772486572265658e+00
1.213600412597656275e+00
1.216221337890625032e+00
1.218964163818359481e+00
1.207188393554687433e+00
1.209903972167968744e+00
1.204761005859374956e+00
1.207823652343749998e+00
1.209673974609374980e+00
1.209132080078124893e+00
1.213608773193359358e+00
1.206655793457031223e+00
1.207859172363281219e+00
1.203201295166015594e+00
1.204764628906249913e+00
1.204131136474609454e+00
1.206173521728515663e+00
1.206418693847656209e+00
1.201877126464843792e+00
1.206148542480468766e+00
1.202937858886718780e+00
1.206895073242187477e+00
1.214972192382812510e+00
1.209626993408203122e+00
1.205217351074218790e+00
1.206562761230468794e+00
1.205616346435546937e+00
1.196959493408203068e+00
1.196610302734375075e+00
1.201381027832031156e+00
1.197688037109374992e+00
1.200669400634765571e+00
1.200088444824218836e+00
1.199723703613281289e+00
1.198608663330078095e+00
1.194059625244140666e+00
1.205781818847656339e+00
1.205844160156249956e+00
1.193847343749999901e+00
1.197709074707031141e+00
1.193408935546875105e+00
1.196499577636718659e+00
1.198829306640625036e+00
1.200741230468749920e+00
1.197256934814453055e+00
1.202994082031249912e+00
1.193603852539062427e+00
1.192064473876953024e+00
1.194128404541015653e+00
1.196920346679687608e+00
1.191439692382812554e+00
1.187321420898437507e+00
1.204392780761718740e+00
1.189812795410156276e+00
1.194320899658203095e+00
1.192706243896484386e+00
1.196410251464843810e+00
1.191457926025390579e+00
1.190459036865234355e+00
1.194809819335937551e+00
1.187082806396484447e+00
1.194817238769531276e+00
1.191699367675781218e+00
1.189346875000000026e+00
1.191018276367187489e+00
1.192562196044921974e+00
1.188811707763671954e+00
1.183635568847656305e+00
1.186168712158203187e+00
1.196610579833984334e+00
1.191954278564453018e+00
1.188328336181640577e+00
1.183074613037109479e+00
1.183003889160156197e+00
