2.607680000000000220e+00
2.305811008300781229e+00
2.293530751953125169e+00
2.267733640136718964e+00
2.170698286132812349e+00
2.067391845703125064e+00
2.017595131835937305e+00
1.983775661621093755e+00
1.955107983398437499e+00
1.925958684082031303e+00
1.904690754394531282e+00
1.877526906738281154e+00
1.850829030761718785e+00
1.827322233886718772e+00
1.797411611328125103e+00
1.771285288085937548e+00
1.745742072753906360e+00
1.729701418457031181e+00
1.713246120605468770e+00
1.691336359863281347e+00
1.683361745605468807e+00
1.659675905761718750e+00
1.644138769531249933e+00
1.628973669433593674e+00
1.614737954101562512e+00
1.612368081054687430e+00
1.598807326660156347e+00
1.590846076660156205e+00
1.576500117187499939e+00
1.570300427246093644e+00
1.561858930664062450e+00
1.551543005371093686e+00
1.545651530761718684e+00
1.548369130859374998e+00
1.535743625488281250e+00
1.528188632812500058e+00
1.523661625976562517e+00
1.517917290039062506e+00
1.510554584960937419e+00
1.508743520507812574e+00
1.504878879394531355e+00
1.497123791503906176e+00
1.498481542968749913e+00
1.486662351074218735e+00
1.490891994628906314e+00
1.484675151367187418e+00
1.475896835937499985e+00
1.481723276367187481e+00
1.468524277343749906e+00
1.463515046386718810e+00
1.461499389648437397e+00
1.456941499023437503e+00
1.457259633789062425e+00
1.448950180664062559e+00
1.448311586914062588e+00
1.443269265136718715e+00
1.440826501464843812e+00
1.434652116699218771e+00
1.437167478027343792e+00
1.427314479980468676e+00
1.430873850097656330e+00
1.421504777832031330e+00
1.425545407714843726e+00
1.418684462890624998e+00
1.416162531738281327e+00
1.411134455566406265e+00
1.415600778808593807e+00
1.408288493652343654e+00
1.406885178222656352e+00
1.399349560546875093e+00
1.400458823242187512e+00
1.397723444824218841e+00
1.397032158203125096e+00
1.390499477539062445e+00
1.392431879882812584e+00
1.392262773437499934e+00
1.386172124023437480e+00
1.393475373535156159e+00
1.380919877929687400e+00
1.378579638671874941e+00
1.387463068847656356e+00
1.378662485351562550e+00
1.376477199707031307e+00
1.369590754394531151e+00
1.375099306640624963e+00
1.369486413574218853e+00
1.366395461425781166e+00
1.362353217773437430e+00
1.359956672363281216e+00
1.359253925781249928e+00
1.361930229492187561e+00
1.361017568359375041e+00
1.356108376464843834e+00
1.357963625488281201e+00
1.352578464355468801e+00
1.353255319824218761e+00
1.353288127441406141e+00
1.353331472167968785e+00
1.347261901855468791e+00
1.349019685058593820e+00
1.340301884765624951e+00
1.344039736328124901e+00
1.349281701660156152e+00
1.342608864746093644e+00
1.340475405273437559e+00
1.334876469726562487e+00
1.335339807128906209e+00
1.336576176757812595e+00
1.336654438476562401e+00
1.335582939453124895e+00
1.333985656738281289e+00
1.335584565429687398e+00
1.329312145996093708e+00
1.327455461425781191e+00
1.333439316406249908e+00
1.327605646972656261e+00
1.327844824218749942e+00
1.330986499023437464e+00
1.327873439941406275e+00
1.335606640625000008e+00
1.325238288574218659e+00
1.318698071289062579e+00
1.319945585937499999e+00
1.317810336914062574e+00
1.319240126953125092e+00
1.313336623535156233e+00
1.314929831542968719e+00
1.314845664062499919e+00
1.311877116699218693e+00
1.316174516601562594e+00
1.307794418945312565e+00
1.312773715820312548e+00
1.308933642578125056e+00
1.304967033691406320e+00
1.307097109374999899e+00
1.309492404785156161e+00
1.307712685546875031e+00
1.309863276367187579e+00
1.307123918457031353e+00
1.304498198242187490e+00
1.301258920898437532e+00
1.301657456054687412e+00
1.299283417968750021e+00
1.297368491210937558e+00
1.296060395507812490e+00
1.300604538574218649e+00
1.299396076660156218e+00
1.301317956542968668e+00
1.293652604980468857e+00
1.305084780273437550e+00
1.293570163574218723e+00
