2.397152370605468708e+00
2.124924069824218886e+00
1.843569416503906266e+00
1.712120324707031349e+00
1.641995732421875021e+00
1.609747070312500083e+00
1.585367766113281229e+00
1.563026545410156176e+00
1.548129812011718842e+00
1.532204575195312390e+00
1.520525429687499930e+00
1.525163820800781167e+00
1.498845749511718672e+00
1.485519970703125026e+00
1.473343608398437476e+00
1.465270329589843712e+00
1.456587490234374949e+00
1.447911848144531222e+00
1.443992065429687610e+00
1.435048764648437558e+00
1.431122399902343689e+00
1.422699194335937500e+00
1.417743693847656195e+00
1.411406320800781211e+00
1.407901149902343718e+00
1.400081706542968707e+00
1.399320485839843808e+00
1.390557390136718752e+00
1.387250812988281234e+00
1.392079062499999909e+00
1.382656857910156356e+00
1.376297502441406140e+00
1.371877185058593795e+00
1.365369555664062595e+00
1.364221098632812490e+00
1.361863107910156190e+00
1.353676445312500087e+00
1.349662592773437586e+00
1.355304543457031219e+00
1.350239238281250032e+00
1.344899858398437509e+00
1.336496459960937466e+00
1.341512463378906173e+00
1.329882482910156316e+00
1.328653339843749892e+00
1.331120144042968745e+00
1.325309738769531176e+00
1.321148249511718831e+00
1.315652878417968852e+00
1.314557395019531283e+00
1.311137443847656181e+00
1.313285480957031348e+00
1.302179855957031229e+00
1.309555009765625000e+00
1.298589626464843771e+00
1.292641437988281350e+00
1.292609787597656323e+00
1.295363513183593662e+00
1.289043835449218856e+00
1.288325603027343780e+00
1.287456447753906330e+00
1.284687883300781319e+00
1.281956757812499959e+00
1.280950729980468772e+00
1.280211965332031188e+00
1.273249125976562590e+00
1.268874780273437475e+00
1.267471154785156262e+00
1.267954074707031253e+00
1.265858398437500032e+00
1.266909550781250005e+00
1.270003220214843687e+00
1.259904501953124978e+00
1.259307624511718737e+00
1.258309648437500039e+00
1.254379694824218738e+00
1.254923879394531205e+00
1.258010224609374950e+00
1.249114455566406212e+00
1.248484025878906278e+00
1.244472487792968707e+00
1.250306645507812453e+00
1.239296469726562488e+00
1.240245317382812518e+00
1.238395731201171968e+00
1.235680185546875087e+00
1.235343496093749938e+00
1.238532561035156299e+00
1.239318668212890717e+00
1.230994143066406199e+00
1.231110932617187403e+00
1.237888549804687432e+00
1.230361988525390693e+00
1.226498749999999971e+00
1.225644772949218808e+00
1.225926351318359364e+00
1.232185246582031324e+00
1.221325830078124897e+00
1.220738481445312607e+00
1.225415521240234451e+00
1.219361621093749903e+00
1.218750065917968639e+00
1.217622795410156167e+00
1.219141765136718680e+00
1.214309118652343811e+00
1.214191240234375080e+00
1.208910507812499979e+00
1.212940832519531220e+00
1.209805839843749897e+00
1.208904294433593707e+00
1.205038620605468846e+00
1.204923082275390689e+00
1.203738586425781243e+00
1.213401829833984369e+00
1.204671762695312509e+00
1.206660156249999893e+00
1.205461506347656142e+00
1.213134763183593812e+00
1.201331459960937487e+00
1.196681740722656206e+00
1.198929328613281164e+00
1.194664274902343726e+00
1.201790103759765582e+00
1.200344645996093806e+00
1.192129731445312535e+00
1.191594270019531221e+00
1.198538074951171817e+00
1.195446999511718733e+00
1.194794084472656337e+00
1.190240754394531253e+00
1.189141574707031301e+00
1.189189643554687592e+00
1.184756608886718743e+00
1.192069385986328056e+00
1.183811195068359412e+00
1.193147312011718642e+00
1.186110510253906236e+00
1.183576097412109451e+00
1.182217009277343855e+00
1.179683574218749920e+00
1.186360878906250083e+00
1.186002082519531209e+00
1.179205577392578030e+00
1.180542502441406238e+00
1.182252956542968692e+00
1.178946086425781248e+00
1.176636406250000100e+00
1.176810263671874912e+00
1.178722998046874970e+00
1.172100070800781157e+00
1.173674584960937572e+00
