2.338259033203125004e+00
2.156095561523437620e+00
1.976224819335937521e+00
1.909249826660156302e+00
1.810395942382812429e+00
1.716581665039062399e+00
1.651521535644531191e+00
1.604395368652343778e+00
1.573577797851562599e+00
1.539515002441406155e+00
1.527183723144531324e+00
1.497827648925781352e+00
1.511482346191406201e+00
1.486041301269531267e+00
1.462455583496093725e+00
1.452326401367187492e+00
1.445558681640624954e+00
1.432422458496093842e+00
1.419728286132812434e+00
1.409205852050781305e+00
1.406013237304687413e+00
1.395110317382812548e+00
1.388668374023437568e+00
1.382793520507812568e+00
1.377685246582031287e+00
1.378318586425781200e+00
1.364337470703125055e+00
1.357847065429687472e+00
1.358561821289062443e+00
1.349715007324218785e+00
1.341083156738281268e+00
1.349507145996093671e+00
1.332470275878906207e+00
1.328949692382812575e+00
1.318507387695312394e+00
1.328454790039062416e+00
1.310287307128906287e+00
1.305868493652343698e+00
1.303203359375000092e+00
1.300981416015625003e+00
1.286271428222656166e+00
1.284620935058593760e+00
1.291262270507812504e+00
1.276909697265625088e+00
1.276611472167968664e+00
1.263254694824218705e+00
1.272596540527343834e+00
1.260464667968749897e+00
1.251835422363281269e+00
1.250704686279296984e+00
1.244254204101562511e+00
1.250257656250000071e+00
1.248563674316406358e+00
1.240821616210937561e+00
1.245947399902343822e+00
1.233008308105468798e+00
1.227768072509765718e+00
1.230238120117187473e+00
1.229220534667968767e+00
1.222552908935546911e+00
1.216403099365234386e+00
1.215506329345703129e+00
1.207536728515625102e+00
1.214554458007812476e+00
1.212212281494140731e+00
1.205896419677734421e+00
1.195574749755859312e+00
1.197750919189453089e+00
1.192028364257812445e+00
1.187494466552734274e+00
1.195976308593750037e+00
1.189831623535156258e+00
1.197583424072265590e+00
1.186032067871093831e+00
1.180250262451171928e+00
1.201893031005859314e+00
1.174460749511718749e+00
1.182645577392578140e+00
1.171500412597656249e+00
1.169985249023437479e+00
1.177672315673828018e+00
1.171108557128906158e+00
1.162330825195312389e+00
1.176678769531249946e+00
1.165400748291015587e+00
1.176622593994140598e+00
1.163863262939453191e+00
1.150095063476562540e+00
1.151836593017578014e+00
1.164990020751953015e+00
1.144419870605468681e+00
1.151322731933593690e+00
1.137773444824218716e+00
1.136718508300781361e+00
1.133544819335937426e+00
1.140661748046875035e+00
1.134692127685546836e+00
1.141574738769531194e+00
1.134238427734375110e+00
1.143048419189453213e+00
1.123615981445312606e+00
1.132382319335937471e+00
1.118565844726562508e+00
1.123951535644531319e+00
1.123430612792968741e+00
1.114162108154296948e+00
1.123247087402343691e+00
1.111237864990234359e+00
1.124462634277343831e+00
1.111204948730468711e+00
1.107443815917968699e+00
1.106102940673828083e+00
1.105910227050781236e+00
1.107860617675781256e+00
1.096898249511718770e+00
1.108244147949218661e+00
1.094006021728515687e+00
1.095132296142578232e+00
1.094106562499999935e+00
1.089930977783203137e+00
1.095122750244140519e+00
1.089264992675781141e+00
1.103942552490234430e+00
1.091332050781250063e+00
1.080791674804687519e+00
1.082490723876953220e+00
1.075759859619140668e+00
1.086738256835937610e+00
1.080061066894531185e+00
1.080292902832031166e+00
1.076481372070312581e+00
1.087681087646484412e+00
1.071191105957031153e+00
1.088040776367187545e+00
1.070954381103515596e+00
1.070895480957031243e+00
1.077167879638671888e+00
1.070721282958984277e+00
1.066921463623046851e+00
1.073971889648437594e+00
1.062240169677734380e+00
1.060243037109374953e+00
1.054853696289062448e+00
1.064869694824218671e+00
1.053890697021484302e+00
1.060799377441406177e+00
1.067856851806640694e+00
1.073186361083984464e+00
1.056390290527343678e+00
1.068624718017578079e+00
1.054603065185546917e+00
1.067780761718750027e+00
1.064487662353515551e+00
1.043075791015624976e+00
1.043143344726562560e+00
1.040861268310546928e+00
1.048416535644531189e+00
1.043771118164062539e+00
1.045040480957031281e+00
1.042108624267578110e+00
1.048759831542968701e+00
1.052715078125000092e+00
1.032067615966796970e+00
1.029882246093750009e+00
1.035237033691406294e+00
1.038930218505859315e+00
1.026837139892578188e+00
1.033671945800781256e+00
1.034883743896484409e+00
1.029929168701171793e+00
1.040905435791015687e+00
1.040016367187500013e+00
1.043858298339843671e+00
1.021891068115234447e+00
1.027548736572265531e+00
1.033879616699218795e+00
1.027456802978515604e+00
1.029160800781250051e+00
1.029389554443359334e+00
1.024241870117187592e+00
1.021830815429687567e+00
1.015946743164062527e+00
1.024131811523437463e+00
1.025248244628906180e+00
1.018743333740234291e+00
1.038346052246093665e+00
1.012877017822265691e+00
1.012211553955078225e+00
1.013551475830078097e+00
1.010620319824218738e+00
1.016694290771484432e+00
1.016358479003906190e+00
1.009307572021484356e+00
1.003387175292968836e+00
1.005533085937500015e+00
1.010496845703124924e+00
1.007224986572265557e+00
1.009315599365234295e+00
1.003638087158203129e+00
1.005401458740234455e+00
9.963692480468749890e-01
1.002008880615234299e+00
1.002006520996093775e+00
1.005266861572265524e+00
1.002847031249999965e+00
1.004054167480468829e+00
9.941078356933593652e-01
1.001445661621093830e+00
9.872651562499999978e-01
9.911198449707031566e-01
9.850864929199218967e-01
9.977762011718750434e-01
9.942307104492187353e-01
9.847391479492187960e-01
9.848047448730469222e-01
9.862863952636719000e-01
9.984653601074219287e-01
9.844109374999999718e-01
9.816189721679687841e-01
9.847023303222656176e-01
9.920769982910155882e-01
9.904331396484374883e-01
9.915626416015624889e-01
9.804562463378906356e-01
9.799106787109375105e-01
9.764629406738281059e-01
9.882892858886718201e-01
9.843327612304687557e-01
9.793811584472655873e-01
9.693481640625000173e-01
9.747770410156250120e-01
9.823550366210938023e-01
9.663044653320312927e-01
9.796570849609375076e-01
9.686369079589843833e-01
9.708500231933593350e-01
9.728408825683593220e-01
9.718563159179687272e-01
9.655100219726562294e-01
9.772557995605468673e-01
9.770693640136718372e-01
9.722263696289062951e-01
9.800943359374999497e-01
9.673848974609374762e-01
9.634401440429687380e-01
1.003034494628906259e+00
9.743528015136718734e-01
9.634046179199218241e-01
9.598157324218750119e-01
9.624989392089843276e-01
9.623082043457030776e-01
9.711671667480469283e-01
9.704325769042968508e-01
9.607449230957031405e-01
9.577544494628906779e-01
9.593953979492187978e-01
9.528719860839843792e-01
9.504718273925780725e-01
9.589364013671874964e-01
9.524697229003906696e-01
9.591750268554687375e-01
9.589171972656249654e-01
9.562731823730469261e-01
9.452883557128906045e-01
9.462494067382812846e-01
9.691283789062500320e-01
9.575762084960937059e-01
9.502270056152343214e-01
9.618565893554688051e-01
9.534317932128906214e-01
9.558815368652343603e-01
9.669233483886718883e-01
9.522756384277343278e-01
9.444081591796874564e-01
9.495376367187500222e-01
9.495596423339843772e-01
9.418923999023437466e-01
9.387450891113281459e-01
9.444169738769531142e-01
9.577532495117186961e-01
9.542437988281250449e-01
9.495732629394530999e-01
9.339551892089843488e-01
9.311759851074218330e-01
9.442525354003906690e-01
9.616368261718749588e-01
9.354236352539062604e-01
9.438287402343750188e-01
9.380058264160155979e-01
9.389889782714844202e-01
9.298483618164062880e-01
9.387792065429687582e-01
9.309878906249999808e-01
9.361758728027343990e-01
9.493977673339843992e-01
9.376518737792969294e-01
9.424087988281250050e-01
9.305389550781250074e-01
9.289280761718750057e-01
9.277739489746094081e-01
9.498046154785155792e-01
