2.435229213867187603e+00
2.242309482421875000e+00
2.025849074707031239e+00
1.873959536132812520e+00
1.771426145019531218e+00
1.697290930175781254e+00
1.633845427246093829e+00
1.586735017089843769e+00
1.541676716308593820e+00
1.512237924804687550e+00
1.481857312011718664e+00
1.470002250976562452e+00
1.442098771972656346e+00
1.432160217285156190e+00
1.420118203124999923e+00
1.399530307617187441e+00
1.393133417968750010e+00
1.381258786621093693e+00
1.369119423828125015e+00
1.355053749999999946e+00
1.348993898925781254e+00
1.345647712402343821e+00
1.331994150390624965e+00
1.334568554687499908e+00
1.331751157226562565e+00
1.307177404785156316e+00
1.305380964355468798e+00
1.292130639648437551e+00
1.302259558105468784e+00
1.282054106445312591e+00
1.274102329101562514e+00
1.279111049804687594e+00
1.273775607910156316e+00
1.261233371582031193e+00
1.257614619140625001e+00
1.247990068359374982e+00
1.257371103515624977e+00
1.238434267578125025e+00
1.236514011230468668e+00
1.237619582519531303e+00
1.223256000976562508e+00
1.219228547363281345e+00
1.231551979980468836e+00
1.215139438476562583e+00
1.205531934814453088e+00
1.209442827148437427e+00
1.198249459228515557e+00
1.201161217041015528e+00
1.194776202392578091e+00
1.190640345458984450e+00
1.187201944580078106e+00
1.178207601318359332e+00
1.172240802001953019e+00
1.188656051025390514e+00
1.174847060546875044e+00
1.167758720703125030e+00
1.170847947998046923e+00
1.158384921874999973e+00
1.155083012695312439e+00
1.157554758300781250e+00
1.156622255859375059e+00
1.157135461425781164e+00
1.147700175781249943e+00
1.141101247558593768e+00
1.143592958984374963e+00
1.137310009765625018e+00
1.133391364746093810e+00
1.130567708740234378e+00
1.132559915771484294e+00
1.125606068115234448e+00
1.121924802246093700e+00
1.118874250488281152e+00
1.111819941406249956e+00
1.115890532226562426e+00
1.117759405517578131e+00
1.111601871337890568e+00
1.107353300781249938e+00
1.105351951904296914e+00
1.101654689941406140e+00
1.110198508300781262e+00
1.093471267089843657e+00
1.093333785400390612e+00
1.088464681396484446e+00
1.100360155029296960e+00
1.096085076904296907e+00
1.083771770019531289e+00
1.086488450927734384e+00
1.077395540771484361e+00
1.076785200195312431e+00
1.069471295166015690e+00
1.072428336181640685e+00
1.084706455078124909e+00
1.071115345458984347e+00
1.065402479248046985e+00
1.068916729736328231e+00
1.060089245605468689e+00
1.060223377685546975e+00
1.055215760498046773e+00
1.057413168945312565e+00
1.052313122558593772e+00
1.047871260986328101e+00
1.047360429687500094e+00
1.044670109863281349e+00
1.040580697021484369e+00
1.045362846679687596e+00
1.036581019287109440e+00
1.037534278564453016e+00
1.039603884277343848e+00
1.046369666748046878e+00
1.031612401123046974e+00
1.031518376464843678e+00
1.031952167968750000e+00
1.022794716796874948e+00
1.022571215820312407e+00
1.031450085449218790e+00
1.029150090332031198e+00
1.019142873535156202e+00
1.015578178710937474e+00
1.013040338134765683e+00
1.014268356933593740e+00
1.015335528564453194e+00
1.006269310302734477e+00
1.005211784667968677e+00
1.006690871582031299e+00
1.001119866943359416e+00
1.004585504150390607e+00
9.991360827636718289e-01
1.002786239013671921e+00
9.969585839843749797e-01
1.006133334960937598e+00
9.900664978027343688e-01
9.931837170410156013e-01
9.880507531738281779e-01
1.002237658691406352e+00
9.869761035156250362e-01
9.880441064453124866e-01
9.857766015625000211e-01
9.923227673339843902e-01
9.815524792480468941e-01
9.853620605468750293e-01
9.783015197753905934e-01
9.801930822753905925e-01
9.745562866210937258e-01
9.766007067871094183e-01
9.819117712402343212e-01
9.741785949707031378e-01
9.776290087890624481e-01
9.729530908203124495e-01
9.722368945312499511e-01
9.641068566894531733e-01
9.752071020507812049e-01
9.819984399414062315e-01
9.632768957519530773e-01
9.582722351074218770e-01
9.571174914550780732e-01
9.574964599609374627e-01
9.541547998046875367e-01
9.748081030273437753e-01
9.494074462890624844e-01
9.541632995605469070e-01
9.561877856445312185e-01
9.519669689941405721e-01
9.440171264648437033e-01
9.542346704101563049e-01
9.467876562500000537e-01
9.480082617187499672e-01
9.475075341796874717e-01
9.549980224609374568e-01
9.459551855468749659e-01
9.427745251464844101e-01
9.646811950683593651e-01
9.413625207519531468e-01
9.379218627929687413e-01
9.428039636230468590e-01
9.392875805664062661e-01
9.312453662109374530e-01
9.321348168945312596e-01
9.352455981445312316e-01
9.319147277832031673e-01
9.327496838378905863e-01
9.382618823242186989e-01
9.264257080078125428e-01
9.326052856445312678e-01
9.229276696777344302e-01
9.230797192382812488e-01
9.350944848632812834e-01
9.204619213867187844e-01
9.281525000000000469e-01
9.189910119628906804e-01
9.181731420898437968e-01
9.464418383789062750e-01
9.257480554199218892e-01
9.141724340820313044e-01
9.183190686035156425e-01
9.260778881835937115e-01
9.132011279296875506e-01
9.088999389648437788e-01
9.118932275390625453e-01
9.248796130371094160e-01
9.132147680664062239e-01
9.139310620117186978e-01
9.157024584960937741e-01
9.060264709472656275e-01
9.110636572265624622e-01
9.043283886718750386e-01
9.164334155273436977e-01
8.995359033203125243e-01
9.025590307617187280e-01
8.999278820800781231e-01
9.143460632324218462e-01
9.237288452148437745e-01
8.970958630371094200e-01
9.015689416503905873e-01
8.964954345703125549e-01
8.946320251464843221e-01
9.006344738769531677e-01
8.955177868652344220e-01
9.050160705566405728e-01
9.329990478515625130e-01
8.957327551269531618e-01
8.937659777832031027e-01
8.857484509277343543e-01
8.906301037597655901e-01
9.013343017578124838e-01
8.886272583007812642e-01
8.912648608398437977e-01
8.872839489746093822e-01
8.786211462402343519e-01
8.848703527832031401e-01
8.842840393066406790e-01
8.786804968261718862e-01
8.866124108886718203e-01
8.870779882812499517e-01
8.867218054199218491e-01
8.853382177734374636e-01
8.815165209960937887e-01
8.850571655273437033e-01
8.821539477539062091e-01
8.736186755371093682e-01
8.782200341796875254e-01
8.751961523437500334e-01
8.788300793457031190e-01
8.889193786621093496e-01
8.730155529785156299e-01
8.699877160644531315e-01
8.753175170898437329e-01
8.751490783691405762e-01
8.763856506347655895e-01
8.752371386718750257e-01
8.681257409667968439e-01
8.740516760253905781e-01
8.670517724609374532e-01
8.670779223632812949e-01
8.690095739746094283e-01
8.782088574218750443e-01
8.594068920898437769e-01
8.673315246582031790e-01
8.625424816894531332e-01
8.657607092285156680e-01
8.665707690429687027e-01
8.704774914550781340e-01
8.724165612792968982e-01
8.667546667480469091e-01
8.594214233398437264e-01
8.629279113769531273e-01
8.575445886230468329e-01
8.564552795410156349e-01
8.556996777343750527e-01
8.520594763183593212e-01
8.543625268554687624e-01
8.532394836425781781e-01
8.548509069824218320e-01
8.656950097656249676e-01
8.580783825683593324e-01
8.589650427246093845e-01
8.548202404785156805e-01
8.564625366210937285e-01
8.642476098632811965e-01
8.434482739257812556e-01
8.539866699218749968e-01
8.463528735351562027e-01
8.497692199707030936e-01
8.492235400390625299e-01
8.443991235351562263e-01
8.453115380859375083e-01
8.673437353515625059e-01
8.503516589355468724e-01
8.447739111328125272e-01
8.415398950195313033e-01
8.451628479003906458e-01
8.488272985839844242e-01
8.439169458007812485e-01
8.400115856933594305e-01
8.439929895019531170e-01
8.433397424316406710e-01
8.384459497070312350e-01
8.413583276367186947e-01
8.380607592773438030e-01
8.370688854980469218e-01
8.328416369628905969e-01
8.507197180175781748e-01
