2.217447652180989603e+00
1.419191715558369982e-01
7.603949337402979292e-02
5.226396829287210943e-02
3.799010432163874018e-02
3.005213488141695796e-02
2.458593920667966060e-02
2.138446705142656862e-02
1.889707645177841205e-02
1.550340346296628230e-02
1.378310942848523513e-02
1.144473656217257114e-02
1.066745533396800359e-02
9.070419217149416208e-03
8.365707408388455002e-03
7.269662337005138725e-03
6.187681769082943595e-03
6.256363280117511680e-03
5.684377959867318447e-03
5.334352016945679772e-03
5.747537541389464988e-03
5.260234651962915862e-03
5.911826663215955478e-03
5.151706298689047274e-03
3.852767376353343452e-03
4.346198177958528024e-03
4.088998261839150994e-03
5.167978235334157698e-03
3.841305926690498796e-03
4.500737922141949052e-03
4.191506394247214093e-03
5.379333238800366665e-03
4.259078465402126035e-03
3.248659886171420628e-03
2.725575679788986867e-03
3.713450949763258142e-03
4.340311957895756113e-03
3.756845857948064998e-03
2.872526066501935281e-03
3.731921703120072605e-03
5.200144795576731524e-03
3.828606124222278754e-03
3.300387245416641115e-03
3.146577300379673620e-03
2.167696858197450810e-03
4.245529899125298143e-03
1.208441198269526173e-02
4.062201585372289363e-03
2.133933495233456424e-03
1.808611845473448530e-03
2.103479773054520250e-03
2.874233501404523713e-03
4.451830732822418570e-03
4.265160765250524018e-03
2.935667023062706136e-03
2.293357811868190939e-03
2.285881944249073486e-03
2.454198514173428110e-03
2.766959495842456762e-03
4.403707041343052873e-03
3.671968851735194373e-03
3.017798118293285245e-03
2.695518148193756791e-03
2.229125490908821609e-03
2.248450683305660679e-03
6.087712675829728450e-03
5.191117315118511447e-03
2.182556338359912130e-03
1.632343002408742985e-03
1.683259929468234467e-03
2.526268950601418678e-03
4.831722086171308904e-03
5.109081359331806189e-03
2.509990047166745040e-03
1.612701319903135254e-03
2.275457039972146513e-03
1.839439697066942801e-03
2.583050137758254820e-03
5.601450798660517066e-03
4.396408498535553204e-03
2.806134926900267536e-03
1.721728329857190451e-03
1.594587686657905623e-03
1.881218816091616850e-03
2.335697330037752630e-03
6.607447514931361239e-03
4.333072405308485003e-03
3.502587082485358102e-03
1.472088735302289411e-03
1.885937036077181463e-03
1.833604214526712980e-03
1.898674034823973934e-03
4.218502479791641155e-03
5.641735162089268375e-03
2.959017034992575661e-03
1.896376589561502230e-03
1.699836586539943926e-03
2.413945441320538513e-03
2.183969909387330210e-03
3.178802835196256442e-03
2.350595692296822761e-03
6.149014060199260896e-03
5.338485606014728435e-03
2.449666701753934125e-03
1.479263847072919162e-03
1.480133705834547724e-03
1.621716913736114809e-03
1.925411596149206091e-03
2.543490852663914548e-03
3.953044034913181896e-03
7.083614885807037326e-03
3.391934471329053138e-03
1.837201823790868098e-03
1.507711966522038089e-03
1.589728716015815753e-03
1.620369578773776711e-03
3.701635127514600870e-03
5.987750274936358419e-03
3.445829462508360683e-03
1.741824593270818429e-03
1.504157411182920068e-03
1.686659334103266395e-03
2.606128523498773501e-03
3.031232117364804097e-03
4.129552375773589204e-03
2.820743212848901820e-03
1.724990795925259541e-03
1.473112809161345078e-03
1.640352945278088313e-03
1.862920760984222148e-03
3.590368569642305580e-03
4.543386445442835347e-03
2.627850018441677156e-03
1.813987077772617317e-03
1.776250581194957013e-03
1.770319614559412056e-03
1.937864051510890251e-03
2.228374470770358873e-03
4.077671820918719013e-03
8.775615077217420457e-03
3.051761802161733362e-03
1.534785993893941205e-03
1.301550328607360566e-03
1.426855767021576555e-03
1.534036748607953311e-03
2.090266220147411064e-03
2.413111319392919566e-03
9.268401325742404301e-03
7.209449529647827051e-03
2.650697403401136316e-03
1.495356818040211944e-03
