2.317161553955078279e+00
1.001611842854817747e+00
3.276996472676594885e-01
2.422514422098795694e-01
1.978413917541503864e-01
1.689872445424397684e-01
1.485396858215332072e-01
1.328998395284017031e-01
1.216461513519287163e-01
1.104118659973144512e-01
1.021140516281127952e-01
9.468073806762695999e-02
8.915138448079426570e-02
8.281861216227213995e-02
7.774308052062987862e-02
7.453392588297526322e-02
6.903703250885009912e-02
6.396991806030273564e-02
6.019672056833903079e-02
5.759487851460774743e-02
5.471337515513102073e-02
5.071482721964518103e-02
4.826213633219401250e-02
4.591302976608276076e-02
4.441312713623046804e-02
4.192869593302409048e-02
3.962111778259277267e-02
3.793898121515909549e-02
3.539016621907552229e-02
3.385878767967224340e-02
3.415072809855142916e-02
3.079594653447469133e-02
2.992941729227701839e-02
2.817660055160522634e-02
2.662738006909688357e-02
2.545170852343241544e-02
2.426321795781453614e-02
2.314828146298726283e-02
2.220109203656514540e-02
2.189420415560404398e-02
2.053231426874796428e-02
1.978778753280639735e-02
1.886424668629964330e-02
1.841933158238728829e-02
1.766775245666503749e-02
1.678118440310160178e-02
1.600138812065124427e-02
1.538456419308980271e-02
1.580393550395965685e-02
1.430210978190104253e-02
1.380358132521311391e-02
1.362646724383036363e-02
1.382936151822408005e-02
1.268205374081929522e-02
1.212475481828053855e-02
1.210064601898193370e-02
1.172111511230468708e-02
1.102773662408193002e-02
1.088973703384399361e-02
1.039105989933013924e-02
1.018532807826995866e-02
9.710909398396810541e-03
9.588223624229431918e-03
9.153598308563232894e-03
9.238406515121460466e-03
8.784160590171813388e-03
8.545993498961131085e-03
8.177461647987365606e-03
7.905564634005228866e-03
7.772424356142679583e-03
7.550160690148671055e-03
7.412609227498372262e-03
7.402682805061340347e-03
7.423657544453938703e-03
7.191497770945231086e-03
7.113811278343200317e-03
6.699575710296630689e-03
6.690936803817749100e-03
6.622483468055725443e-03
6.620775862534841044e-03
6.255722308158874305e-03
6.199291948477426810e-03
6.741257301966349126e-03
6.248793633778890362e-03
6.428094673156738333e-03
5.749123907089233668e-03
5.607294841607411880e-03
5.689205527305602958e-03
5.677868223190307359e-03
5.654997718334197829e-03
5.593846770127613999e-03
5.183247343699137061e-03
5.574681190649668529e-03
5.417807400226593365e-03
5.143302031358083434e-03
5.290268568197886191e-03
5.004012064139048629e-03
5.481616723537445154e-03
4.876230112711588821e-03
4.859034768740336067e-03
4.744759682814280247e-03
