2.096659714762370008e+00
4.085736002604166694e-01
1.935990436553955141e-01
1.437240063985188721e-01
1.171790561676025327e-01
1.007071294148763063e-01
8.966828441619872914e-02
8.128142159779866427e-02
7.459569161732991505e-02
6.951154638926188012e-02
6.434478638966878439e-02
6.041798451741536152e-02
5.775836048126220534e-02
5.354892355600993081e-02
5.155910425186157470e-02
4.805134121576944833e-02
4.539977884292602239e-02
4.341759497324625822e-02
4.140448853174845401e-02
3.990271676381428739e-02
3.762318469683328948e-02
3.659059120814005250e-02
3.530450461705525456e-02
3.306632731755574511e-02
3.228488759994507101e-02
3.145189097722371485e-02
2.886611890792846816e-02
2.781103070576985622e-02
2.670706849098205410e-02
2.598391095797220746e-02
2.450149033864339188e-02
2.405578068097432437e-02
2.263414859771728516e-02
2.204378827412923139e-02
2.068378841082255115e-02
2.000998149712880300e-02
1.912339779535929263e-02
1.880477606455484979e-02
1.835203266938527367e-02
1.708322453498840182e-02
1.614914644559224330e-02
1.588248132069905449e-02
1.513900809288024930e-02
1.496869905789693228e-02
1.454044516881307023e-02
1.372605543931325334e-02
1.328220859368642141e-02
1.245311129887898688e-02
1.176203482945760090e-02
1.187068382104237811e-02
1.113432985941568976e-02
1.069931030273437583e-02
1.031113694508870374e-02
1.070969958305358939e-02
9.895203375816345043e-03
9.106608891487122381e-03
9.364263844490051947e-03
8.647268096605936413e-03
8.405547777811685911e-03
8.172537871201833448e-03
8.835078867276508971e-03
7.997162977854410659e-03
7.549564973513285537e-03
7.327679959932963116e-03
6.788123055299122993e-03
7.033700855573018183e-03
7.227635371685027857e-03
6.554554128646850747e-03
6.518556571006774852e-03
6.345354660352070866e-03
5.996714599927266062e-03
6.011166210969288992e-03
5.876524726549784035e-03
5.556522500514983996e-03
5.612221546967824035e-03
5.511504058043161826e-03
5.295344555377960206e-03
5.195580387115478552e-03
5.413516390323639023e-03
5.030810364087422680e-03
4.883901496728261342e-03
5.083098411560058906e-03
4.615789965788523290e-03
4.870078670978546069e-03
5.266688847541808709e-03
4.705935164292653766e-03
4.717938510576884237e-03
4.726115910212198498e-03
4.490486919879913691e-03
4.416422134637832710e-03
4.171427826086680085e-03
4.784124513467153186e-03
4.456523732344309756e-03
4.177475718657175374e-03
4.303730579217275240e-03
3.942549188931783466e-03
3.887023111184438259e-03
3.928897651036580320e-03
4.213585861523946527e-03
3.923837113380432111e-03
3.973244009415308718e-03
