2.313918929036458128e+00
1.328126866658528638e+00
4.653658930460611853e-01
3.414481936136881668e-01
2.950773511250813774e-01
2.632637766520182221e-01
2.394781491597493539e-01
2.191093332926432324e-01
2.028453042348225821e-01
1.877615756988525453e-01
1.735964691162109330e-01
1.619882900238037160e-01
1.514687863667806000e-01
1.425258492787679077e-01
1.337089082082112690e-01
1.276253021240234264e-01
1.199550589243570942e-01
1.132175914764404351e-01
1.082276500066121361e-01
1.020823487599690771e-01
9.870601933797200356e-02
9.282306365966797035e-02
8.909737408955892279e-02
8.586350275675455612e-02
8.219830532073973961e-02
7.886310660044351661e-02
7.653598276774088716e-02
7.194340114593505975e-02
6.892278531392415086e-02
6.703287626902262875e-02
6.389971516927082928e-02
6.567153644561767034e-02
6.013219801584879232e-02
5.747464230855305750e-02
5.516740379333496397e-02
5.327905178070068554e-02
5.130499359766642342e-02
4.914199485778808496e-02
4.783542559941609401e-02
4.648890488942464261e-02
4.479894212086995425e-02
4.368466714223225716e-02
4.183107360204060821e-02
4.038736572265624880e-02
3.891904322306315167e-02
3.806335951487223312e-02
3.673958401679992825e-02
3.531360692977904975e-02
3.389076099395751940e-02
3.294143362045288265e-02
3.214721508026122804e-02
3.139982407887776522e-02
3.005020507176717204e-02
2.909593048095703016e-02
2.835603450139363713e-02
2.782734184265136732e-02
2.742198162078857485e-02
2.526234912872314317e-02
2.722637956937154144e-02
2.424993909200032563e-02
2.352328359285990253e-02
2.287452804247538246e-02
2.293002478281656875e-02
2.164391013781229514e-02
2.199633294741312750e-02
2.112191112836201909e-02
1.992254935900370297e-02
1.969941528638204098e-02
1.903953043619791702e-02
1.832496808369954433e-02
1.806719295183817700e-02
1.738963956832885807e-02
1.741842889785766638e-02
1.620930984814961812e-02
1.597372787793477356e-02
1.569751270612080793e-02
1.533883862495422426e-02
1.492265315055847121e-02
1.493970189889272035e-02
1.444047102928161692e-02
1.398824671109517338e-02
1.367117834091186555e-02
1.300974341233571314e-02
1.277113893032074017e-02
1.363881022930145230e-02
1.241851073106129896e-02
1.206158460776011153e-02
1.193717241287231383e-02
1.134018065929412802e-02
1.095081589221954393e-02
1.206827515761057547e-02
1.091996193726857585e-02
1.061354017257690359e-02
1.058165757656097383e-02
1.069004411697387774e-02
9.825148177146912284e-03
1.057549177010854054e-02
9.833147382736205991e-03
9.819721253712972511e-03
1.037319757143656367e-02
9.828388007481892244e-03
