2.225870731353759790e+00
1.428536891142527243e-01
7.519980697631835354e-02
5.179947366714477558e-02
3.836918804645538666e-02
2.975018664598464910e-02
2.404059206048647646e-02
2.027479659120241806e-02
1.714561067223548813e-02
1.640116572578748100e-02
1.424791086018085441e-02
1.112968523701031963e-02
9.310741810997327436e-03
8.728081953525543626e-03
7.470104225228230144e-03
6.979520559310913030e-03
6.742314451932907016e-03
5.984837521612644366e-03
5.648824181159337737e-03
5.771616387367248767e-03
4.923040198286374354e-03
4.237943513691425426e-03
4.668259479105472433e-03
5.184356189519167060e-03
4.471893972158432103e-03
4.275959172596534470e-03
3.936896970868110357e-03
5.138232943415642004e-03
3.635944879551728653e-03
3.886612579226493818e-03
3.709025823821624109e-03
3.882454153895378238e-03
3.923634450385967733e-03
2.961303816984097326e-03
4.324086570491393264e-03
1.016826240917046917e-02
3.382785348594188803e-03
2.976411124070485643e-03
2.901972748835881383e-03
2.803072115033865015e-03
2.567800753315289779e-03
3.598597286641597864e-03
4.328849343955516911e-03
3.593057460337877387e-03
2.637944565465052960e-03
2.129217419276634767e-03
2.223846081644296601e-03
3.037368545184532861e-03
3.703703255703052078e-03
4.358714275558789840e-03
3.278673984358708004e-03
1.909947836150725645e-03
2.024670005093018137e-03
2.094411268581946629e-03
2.547708587845166732e-03
4.344450062761704388e-03
8.805719723552466252e-03
3.710307372361421573e-03
1.890967813072105212e-03
1.910916994512081111e-03
2.195759093264738632e-03
2.141024275620778423e-03
2.624048725763956664e-03
2.993580563242236731e-03
7.628180463860432733e-03
4.345332368959983586e-03
1.931074505547682348e-03
2.514747425665458079e-03
1.652026731520891186e-03
1.930920381347338288e-03
1.882197322696447421e-03
3.117440474281708493e-03
5.729481619099775595e-03
4.891025105863809272e-03
2.747007563958565272e-03
1.755825578918059678e-03
1.536491973201433792e-03
1.904303649812936735e-03
2.589716063688198532e-03
6.268294310569763259e-03
5.064283912628889280e-03
2.076954327275355467e-03
1.790932988872130736e-03
1.601179687927166721e-03
2.026365638524293793e-03
2.430175893505414318e-03
8.407838385303815706e-03
3.451727230908970250e-03
3.282961073890328357e-03
1.633659927174448958e-03
1.577822969667613557e-03
1.986337421586116189e-03
2.177174624552329595e-03
2.906538098305463773e-03
6.336809639632701510e-03
2.888987632716695422e-03
2.187080725282430568e-03
1.542971557130416206e-03
1.691951266303658510e-03
1.798283677920699090e-03
2.448281086981296366e-03
4.674903121342261977e-03
4.483437254869689428e-03
2.370350161443154219e-03
1.687704547743002588e-03
1.830585682640473036e-03
1.938348751142621087e-03
2.313689117133617325e-03
2.448324174433946440e-03
6.332613219072421619e-03
7.931127131978670669e-03
2.300539697970574015e-03
1.660706428190072449e-03
1.438703182463844541e-03
1.529900266850987975e-03
1.843104561666647576e-03
1.992887609700361856e-03
3.742743551731109782e-03
8.573208705584207945e-03
2.688397876173258001e-03
1.745508640507857038e-03
1.525381976614395823e-03
1.601986189434925767e-03
3.395363085965315362e-03
2.683330085625251077e-03
1.982268255452314821e-03
1.963073648636539954e-03
3.073995672663052802e-03
4.848106674849987120e-03
5.079110885659854011e-03
2.224352752914031221e-03
1.438748242457707667e-03
1.605735099315643228e-03
2.724714812884728322e-03
2.265692618861794416e-03
2.261936208605766323e-03
4.502112455169359623e-03
5.061145646062989965e-03
3.201776704440514095e-03
1.621274272849162340e-03
1.411847853039701738e-03
1.564282754311958987e-03
1.864503879348436942e-03
2.126570734133323079e-03
3.497114634762207592e-03
7.098389136791229473e-03
4.294856344908475586e-03
1.493867710605263719e-03
1.400204444676637688e-03
1.582669058317939543e-03
1.832908407350381137e-03
