2.308676558430989623e+00
4.124322710673014591e-01
2.613288406372070161e-01
2.051634918212890679e-01
1.646401345570882024e-01
1.381801158905029414e-01
1.168169570922851508e-01
9.991122665405273440e-02
8.988552951812743552e-02
7.792910245259603019e-02
6.880791454315185462e-02
6.216191349029540764e-02
5.706365540822346677e-02
5.061855255762735817e-02
4.548241338729858141e-02
4.168792130152384340e-02
3.780418154398600128e-02
3.499184811909993725e-02
3.423571109771728765e-02
2.978169921239217158e-02
2.778457387288411559e-02
2.387978502909342618e-02
2.317191700935363613e-02
2.106261269251505364e-02
1.967784581184387274e-02
1.750533054669698232e-02
1.686262159347534303e-02
1.562052055994669550e-02
1.389637235800425183e-02
1.356229926745096924e-02
1.239982042312622046e-02
1.135433936913808270e-02
1.078027380307515493e-02
9.963278182347615197e-03
9.729148538907368346e-03
8.825490101178487534e-03
8.694514457384745071e-03
8.104879530270893764e-03
7.849334780375163273e-03
7.795037925243377894e-03
6.793348828951517940e-03
6.701728657881419159e-03
6.075420661767323878e-03
6.084946286678313832e-03
5.613100679715474217e-03
5.665792874495188293e-03
5.349700077374776493e-03
5.357955237229664915e-03
5.184005316098531241e-03
4.498528826236724773e-03
4.591053954760233868e-03
4.267919909954070654e-03
4.688955787817637375e-03
4.243802452087402748e-03
4.046016335487365688e-03
4.252391497294108133e-03
4.261092789967855197e-03
3.763101247946421240e-03
4.087886587778727376e-03
3.795247570673624532e-03
3.726361358165741072e-03
4.529272594054539920e-03
3.576174716154734146e-03
3.867559111118316819e-03
3.700335220495859761e-03
3.767257034778594919e-03
3.434678479035695262e-03
3.636745397249857396e-03
3.649049353599548209e-03
3.358460835615793751e-03
4.712142968177795641e-03
3.553221442302067871e-03
4.789920337994893820e-03
3.657183965047200620e-03
3.090960526466369433e-03
3.083071076869964549e-03
2.637708938121795851e-03
2.529020913441976017e-03
2.993384118874867824e-03
3.112939683596293184e-03
3.442290878295898443e-03
3.300389154752095613e-03
2.902970782915751270e-03
2.647388817866643419e-03
2.541176072756449328e-03
2.669591955343882366e-03
2.757430185874303313e-03
2.383521811167399300e-03
2.505764269828796194e-03
2.831508934497833224e-03
4.105539786815643084e-03
3.751701351006825683e-03
3.582141594092051219e-03
5.195936445395152141e-03
1.453428183396657247e-02
6.392222968737284322e-03
3.371653244892756311e-03
2.065079651276270373e-03
1.821916651725769085e-03
1.684225235382715838e-03
1.688165090481440200e-03
