2.306774196116129438e+00
3.387782695770263919e-01
2.542910138448079560e-01
2.121954525629679289e-01
1.792908958752950088e-01
1.547733359654744345e-01
1.364839027245839387e-01
1.212473328193028749e-01
1.087475048859914140e-01
9.953699607849121611e-02
9.089181981086731643e-02
8.167268304030100845e-02
7.617094271977742359e-02
7.012981774608294250e-02
6.476898479461669356e-02
5.989144806464512943e-02
5.509168631037076463e-02
5.108527084986368844e-02
4.692144792874654302e-02
4.523022000789642116e-02
4.622504896322886248e-02
3.923252166112264211e-02
3.573046013911564817e-02
3.350439248879750337e-02
3.307344742218653461e-02
3.020291401942570841e-02
3.100272163152694577e-02
2.833260525465011725e-02
2.815081172784169444e-02
2.480037798086802067e-02
2.137655366261800166e-02
2.094843408068021093e-02
2.237970280051231400e-02
2.123238490223884611e-02
1.849847195744514297e-02
1.762408923904101171e-02
1.709649382283290331e-02
1.509998617370923377e-02
1.428024985790252686e-02
1.535887737969557527e-02
1.442039847970008788e-02
1.507002458373705479e-02
1.444855607549349469e-02
1.315878896713256786e-02
1.073560550610224394e-02
1.072451266845067357e-02
1.261630253593126923e-02
1.008276439805825576e-02
9.920551849404971381e-03
1.035221869250138593e-02
1.017944605151812308e-02
1.109988255600134581e-02
1.004036703705787729e-02
9.506298282742501118e-03
9.842128388086955268e-03
7.913733881711959572e-03
1.013688136190176066e-02
8.805348710715770258e-03
9.355680393179258147e-03
8.020896887282530016e-03
8.642214364806810253e-03
7.986802636086941243e-03
9.928412678837776964e-03
7.163155544797579488e-03
6.597881593306859256e-03
7.645383042593796932e-03
7.480770716071128909e-03
7.719920197129249463e-03
7.768965539336204242e-03
7.226425479849179351e-03
8.160506821672122366e-03
6.890569155414898866e-03
6.800374754269917880e-03
6.932397882640361705e-03
7.903270516792933534e-03
5.807370350758235024e-03
7.581586203972498147e-03
5.990313073496024085e-03
6.386253013213475174e-03
5.614172683656215579e-03
7.528576530516147870e-03
5.943594819307327672e-03
7.902374473710855468e-03
9.264663912852605376e-03
7.397543931007385248e-03
6.658123782277106974e-03
9.268683355053266085e-03
8.254089025656382445e-03
7.063014010588328229e-03
5.092074562112490488e-03
6.169434069097042006e-03
7.182616613556941539e-03
6.844562745094298975e-03
7.940049579739569957e-03
4.688865596552689585e-03
5.895698372026284342e-03
5.654787149528662550e-03
8.619922648866970918e-03
5.358540280163287713e-03
5.171209209660689379e-03
5.192787404358386975e-03
5.440209248661995178e-03
5.358556488156318749e-03
5.933165509502093087e-03
8.128990560273328600e-03
4.599175506830215435e-03
6.089165185888608008e-03
6.690832590560118025e-03
5.316795026759306604e-03
4.721538909773032033e-03
5.646585735678672467e-03
6.599421016375223506e-03
6.094489104549089681e-03
5.487027611335119036e-03
4.688543010751406587e-03
3.973316460351148868e-03
1.528915122300386446e-02
9.834374411404132876e-03
4.551679843167464115e-03
4.393015112976233517e-03
4.518204598625501223e-03
4.448548927903175389e-03
5.074811293681462214e-03
7.208914469182490896e-03
7.109779191513856088e-03
5.942907461524009859e-03
5.320539059738318456e-03
5.439311442772547418e-03
5.252169161041577751e-03
4.784291514257590049e-03
4.964942076802253759e-03
5.630488431950409801e-03
7.500529053807258699e-03
6.527131467312574306e-03
7.287636205554008824e-03
4.694222278892994267e-03
4.934924027820428508e-03
4.327536438405514031e-03
5.231521294514338526e-03
4.835090602934360646e-03
9.595329575737316860e-03
6.694609592854976719e-03
4.897506829102834386e-03
3.671068720022837347e-03
5.155724698305130284e-03
4.913213707009951060e-03
7.798491214215755654e-03
7.078366382916768604e-03
5.559832936028639809e-03
4.260362923641999866e-03
3.985660606125990789e-03
