2.313273612467448004e+00
2.536372662862141913e-01
1.702553513844808075e-01
1.250070184071858659e-01
9.061990242004394625e-02
7.073420607248942504e-02
5.800333315531412681e-02
4.980991849899291807e-02
4.160824184417724614e-02
3.411606194178263413e-02
2.885027672449747699e-02
2.183438970247904287e-02
1.958541568120320681e-02
1.738751303354899025e-02
1.566318052609761563e-02
1.957331210772196572e-02
1.073117093245188475e-02
9.375929919878641869e-03
7.616719118754069172e-03
6.362110992272695248e-03
6.933605686823526675e-03
5.600449955463409311e-03
3.971734356880187930e-03
4.348289899031321584e-03
3.988251316547394149e-03
3.248429580529530857e-03
3.227384380499521890e-03
2.822845933834711857e-03
2.639775751034418704e-03
2.373159112532933612e-03
3.044890485207239587e-03
2.551727205514907771e-03
2.514699745178222527e-03
2.746940819422403861e-03
2.147748721639315250e-03
2.162687203288078154e-03
3.508184635639190717e-03
6.155770003795624050e-03
2.824218131701151588e-02
1.327538187503814714e-02
5.714332687854766987e-03
4.458181154727935622e-03
2.069759511947631865e-03
9.908461630344391185e-04
1.049485302964846311e-03
9.098833511273065949e-04
9.304156422615051302e-04
8.957241733868917359e-04
9.866180708010992284e-04
1.017532880107561728e-03
9.997635900974273862e-04
1.028956703344980923e-03
1.131140575806299873e-03
1.477969404061635263e-03
1.339823140700658125e-03
1.404178018371264212e-03
1.675360521674156217e-03
1.666395807266235398e-03
2.365722630421320406e-03
9.775891693433125251e-03
3.269864179293314327e-02
8.687127256393431876e-03
9.852288460731505743e-03
4.652044371763865496e-03
1.495881341894467718e-03
8.710275034109751444e-04
7.705748264988262998e-04
5.931849757830301873e-04
6.187640547752380022e-04
6.368649403254190988e-04
6.780528341730435258e-04
7.798780570427576867e-04
7.793657253185908495e-04
8.090784355998039161e-04
9.574928452571233005e-04
9.435114701588948483e-04
9.381331404050191657e-04
1.053152677416801380e-03
1.176843455433845484e-03
1.145342760284741778e-03
1.344421184062957741e-03
1.390783319870630887e-03
1.258673471212387119e-03
2.683076880375544118e-03
4.828972342809041002e-02
2.273955802917480493e-02
7.030472505092620790e-03
3.558081779877344825e-03
2.648363852500915713e-03
8.501279522975285947e-04
6.282794460654258411e-04
5.172177632649739478e-04
5.321303054690361498e-04
5.600621740023295318e-04
5.797865043083827007e-04
6.857240383823712520e-04
6.765956098834674005e-04
7.167169108986854191e-04
7.415078982710837912e-04
7.812904859582583570e-04
8.104796742399533824e-04
