2.312805531819661642e+00
8.924139709472656001e-01
3.241985585530599012e-01
2.403153002421061224e-01
1.980788953145345144e-01
1.682348522186279394e-01
1.473415803273518954e-01
1.324286314646402896e-01
1.190901908874511667e-01
1.103484101613362578e-01
1.015546490987141864e-01
9.354921124776204022e-02
8.607673142751058604e-02
8.029633496602375797e-02
7.495859438578288125e-02
7.077817980448404545e-02
6.762877928415934881e-02
6.288601865768432553e-02
5.985885063807169781e-02
5.691131693522135521e-02
5.294385115305582507e-02
5.061711486180623526e-02
4.756603269577026200e-02
4.547048304875691421e-02
4.349720980326334668e-02
4.142709306081136106e-02
3.929099566141764505e-02
3.857448161443074314e-02
3.663332955042521155e-02
3.423585106531779054e-02
3.263206164042154606e-02
3.184419374465942421e-02
3.070925968488057503e-02
2.864202108383178541e-02
2.770719629923502556e-02
2.687127310434977295e-02
2.521398812929789152e-02
2.391801624298095855e-02
2.312981016635894810e-02
2.154662324587503994e-02
2.158926577568054048e-02
2.085141092936198051e-02
1.975847624142964762e-02
1.975216709772745910e-02
1.768129887580871529e-02
1.727394925753275579e-02
1.652019453048705899e-02
1.579722843964894569e-02
1.500819147427876789e-02
1.434520580768585199e-02
1.415250905354817693e-02
1.427531679471333824e-02
1.289593639373779257e-02
1.261477070649465008e-02
1.190680541992187452e-02
1.227994108994801860e-02
1.140217135747273805e-02
1.106348773638407383e-02
1.043188277880350776e-02
1.012346280415852944e-02
9.660439372062682578e-03
9.759714992841084583e-03
9.181800023714700720e-03
8.996478958924612052e-03
8.868632038434347276e-03
8.238349270820618381e-03
8.246309741338093621e-03
7.851894474029541202e-03
7.819895378748576223e-03
7.596096046765645274e-03
7.488200441996256847e-03
7.066147478421529009e-03
7.300970689455668280e-03
6.721950467427571449e-03
6.877035315831502536e-03
6.536939986546834100e-03
6.792739319801330278e-03
6.087890291213989002e-03
6.337929542859395415e-03
6.115680348873138786e-03
5.924541854858398661e-03
5.774916275342305109e-03
5.999276971817016184e-03
5.754181861877441517e-03
5.623153583208719691e-03
5.757938281695048136e-03
5.579436012109121115e-03
5.339215151468912519e-03
5.147258687019348571e-03
5.184029694398244355e-03
5.541379384199777818e-03
5.026923100153605009e-03
5.095095435778299736e-03
5.006928789615631460e-03
4.982214744885762880e-03
4.957911817232767311e-03
4.888614364465077369e-03
4.843540211518605927e-03
4.699870606263478745e-03
4.624701364835103259e-03
4.452614343166350942e-03
