2.093380619303385259e+00
3.944948788960774833e-01
1.913485869089762426e-01
1.420579227447509862e-01
1.172555201212565068e-01
1.010630420049031530e-01
9.052256870269775879e-02
8.123666706085204414e-02
7.500316289265950009e-02
6.926792538960774293e-02
6.519579499562581926e-02
6.111817283630371217e-02
5.739099076588948661e-02
5.475519065856933321e-02
5.184956957499186475e-02
4.873822139104207196e-02
4.673006178538004901e-02
4.375892810821533502e-02
4.169869047800699863e-02
4.034020366668700924e-02
3.828483279546102125e-02
3.705242881774902658e-02
3.502615728378295767e-02
3.376573568979899381e-02
3.253114560445150016e-02
3.065382747650146483e-02
2.992843596140543766e-02
2.806442724863688135e-02
2.768164288202921638e-02
2.630312898953755807e-02
2.507618516286214128e-02
2.393757020632425805e-02
2.327266923586527453e-02
2.235818983713785957e-02
2.117361915906270514e-02
2.021806769371032805e-02
1.991155586242675940e-02
1.901964540481567226e-02
1.862779715855916382e-02
1.724000741640726794e-02
1.669739452997843349e-02
1.595164901415507125e-02
1.532537841796875050e-02
1.537284817695617686e-02
1.434261990388234487e-02
1.378669203122456950e-02
1.295335370699564684e-02
1.275357426007588633e-02
1.245612409909566294e-02
1.195157443682352653e-02
1.108953618208567346e-02
1.111463476022084632e-02
1.045226475397745790e-02
1.085629078547159856e-02
1.031003487110137944e-02
9.548371863365172699e-03
9.254685338338215425e-03
8.725233244895935769e-03
8.939751887321472495e-03
8.594536149501799671e-03
7.830828301111857417e-03
8.144229153792063511e-03
7.655523173014322502e-03
7.526749142011006366e-03
7.040567270914713585e-03
6.800293413798014740e-03
6.875991932551066450e-03
6.398834435145060555e-03
6.210942558447519676e-03
6.351333121458689265e-03
6.267105642954508456e-03
5.902349122365316107e-03
5.664965156714121819e-03
5.614272622267405151e-03
5.831492523352304821e-03
5.610052315394084034e-03
5.219198787212372091e-03
5.505582726001739813e-03
5.268579912185668811e-03
5.017871892452239850e-03
5.019311614831288570e-03
4.901581533749897919e-03
4.841797224680582414e-03
4.831044562657674409e-03
4.567125686009724725e-03
4.625351766745249525e-03
4.876892642180124908e-03
4.873898124694824550e-03
4.364685062567393199e-03
4.239873981475830202e-03
4.175488416353861747e-03
4.466771495342254650e-03
4.261145635445912939e-03
4.245238669713337874e-03
4.225457847118377352e-03
4.014540509382883565e-03
3.914722065130869268e-03
4.052163771788279238e-03
3.849363815784454489e-03
3.925544571876525730e-03
3.955143932501474849e-03
