2.319860076904296964e+00
1.305517582194010373e+00
4.648482905069987181e-01
3.423570884704589812e-01
2.945308443705240697e-01
2.661689997355143333e-01
2.439992584228515560e-01
2.256021807352701913e-01
2.099164286295572834e-01
1.960506053924560566e-01
1.836213012695312452e-01
1.715665205637613988e-01
1.613356042226155584e-01
1.541334602355957095e-01
1.444923236846923920e-01
1.360911684672037880e-01
1.297573689778645789e-01
1.228088026682535860e-01
1.165178286234537786e-01
1.123375924428303974e-01
1.074058430989583285e-01
1.017309137980143274e-01
9.748743705749511601e-02
9.331443277994791452e-02
9.017554251352946637e-02
8.813227717081706380e-02
8.257650241851806350e-02
7.992616017659505412e-02
7.585394789377848668e-02
7.301308383941650104e-02
6.982340819040934454e-02
6.904365367889404859e-02
6.561904513041177944e-02
6.376890093485514110e-02
6.087552502950032557e-02
5.804429244995117088e-02
5.634173180262247449e-02
5.451649173100789336e-02
5.236468664805094680e-02
5.097553977966308436e-02
4.915680370330810511e-02
4.817116781870524334e-02
4.536087109247843169e-02
4.472441625595093007e-02
4.250493599573770820e-02
4.312302888234456621e-02
4.034029362996419121e-02
3.868062299092610984e-02
3.885736265182495458e-02
3.660674953460693604e-02
3.551486889521281165e-02
3.507637736002604256e-02
3.305823100407918186e-02
3.315683015187581573e-02
3.134943685531615953e-02
3.040886033376058104e-02
2.946016467412312934e-02
2.831449119249979801e-02
2.827919826507568207e-02
2.704274679819742774e-02
2.552049274444580240e-02
2.505398610432942735e-02
2.461702208518981930e-02
2.516155238151550344e-02
2.330070007642110266e-02
2.247193873723347946e-02
2.235983743667602566e-02
2.114637231826782190e-02
2.163622671763102204e-02
2.042650146484374998e-02
1.978501087824503443e-02
1.900175027847289880e-02
1.853824397722880074e-02
1.824778111775716277e-02
1.794645512898762965e-02
1.785959698359171691e-02
1.737772501309712767e-02
1.640387731393178408e-02
1.584633100827535085e-02
1.531369566122690873e-02
1.550494119326273519e-02
1.477878546714782651e-02
1.530816473960876396e-02
1.443025074005126890e-02
1.423545807997385684e-02
1.337607652346293162e-02
1.326942102114359555e-02
1.326559109687805091e-02
1.292691864967346164e-02
1.257921756108601810e-02
1.305917354424794563e-02
1.175731556415557898e-02
1.144002884229024242e-02
1.197158737182617110e-02
1.110857949256897036e-02
1.119265647729237798e-02
1.124439865748087623e-02
1.063629612127939793e-02
1.019627169768015477e-02
1.015167200565338101e-02
9.912217783927918316e-03
