2.314857853190104287e+00
4.098607004801432252e-01
2.622201601664225223e-01
2.062539011637369857e-01
1.696381678263346460e-01
1.401448582967122491e-01
1.214531626383463514e-01
1.032987450917561834e-01
8.947272885640462914e-02
8.004940306345621759e-02
7.085334205627441539e-02
6.232245814005533957e-02
5.619865004221598348e-02
5.188500108718872156e-02
4.752772165934245063e-02
4.259913349151610990e-02
3.862935864130655900e-02
3.792942288716633775e-02
3.310331268310547082e-02
3.026818841298421076e-02
2.739558636347452780e-02
2.535616795221964578e-02
2.337315344810485945e-02
2.183583647410074907e-02
1.995685574213663591e-02
1.821340165138244510e-02
1.805390380223591967e-02
1.610924040476481231e-02
1.489910107453664215e-02
1.443092837333679115e-02
1.268329780896504735e-02
1.163774830500284747e-02
1.185000167687733953e-02
1.161490661303202394e-02
1.108289637565612780e-02
9.050223668416340975e-03
9.341147391001383346e-03
8.526220719019572333e-03
8.045981132984160802e-03
7.664299559593201056e-03
6.962368988990783394e-03
6.645554435253143120e-03
6.207036499182382906e-03
6.121090547243753822e-03
6.267106366157531964e-03
5.954465758800506735e-03
5.579950177669525113e-03
5.659750902652740598e-03
5.154820195833842260e-03
5.044691840807596743e-03
4.567695820331573592e-03
5.088687094052632594e-03
4.584417057037353492e-03
4.238898865381876893e-03
5.101156703631083006e-03
4.031540862719218236e-03
4.252025318145752353e-03
4.208479511737823336e-03
4.669459335009257250e-03
3.783870102961858165e-03
4.170491844415664257e-03
4.148555246988931862e-03
3.998816386858622049e-03
3.857442820072174219e-03
3.521643118063608885e-03
3.572469665606816617e-03
5.342980992794036862e-03
3.716789710521698192e-03
3.920657412211100458e-03
3.372269928455352752e-03
3.192150231202443410e-03
3.231805570920308346e-03
3.620295015970866059e-03
3.194660754998524844e-03
3.044753005107243924e-03
3.600928767522176225e-03
3.373065674304962305e-03
3.221196367343266871e-03
2.757009851932525762e-03
3.000102611382802174e-03
3.329659156004587724e-03
3.144651850064595581e-03
4.048911770184834835e-03
4.571638671557108798e-03
4.028785832722981720e-03
3.460970173279444458e-03
3.058283716440200750e-03
2.528408300876617242e-03
2.592305968205134165e-03
2.457330439488093245e-03
2.451874069372812770e-03
2.892809661229451493e-03
2.758777797222137281e-03
2.644196432828903060e-03
3.070245552062988298e-03
4.785027305285135570e-03
8.982627995808919671e-03
5.024860576788584693e-03
4.415746402740478894e-03
4.524574343363444405e-03
3.375623299678166735e-03
