1.741354604085286528e+00
2.191731348673502666e-01
1.397995004018147691e-01
1.084829678217569954e-01
8.676123504638671990e-02
7.425481669108073557e-02
6.403251355489095187e-02
5.772562147776285485e-02
5.109522590637206874e-02
4.710130103429158860e-02
4.147398252487182607e-02
3.696539967854817893e-02
3.438947982788086166e-02
3.105040079752604057e-02
2.851137855847676525e-02
2.848021677335103516e-02
2.345305380821227983e-02
2.283954137166340978e-02
2.062788786888122491e-02
1.856755059560140017e-02
1.734570530255635443e-02
1.501448250611623139e-02
1.539447801907857342e-02
1.331377502282460497e-02
1.224201688766479550e-02
1.200837629636128737e-02
1.030694336096445694e-02
1.057381141185760424e-02
9.286578512191771828e-03
8.735881443818410003e-03
7.799260358015695782e-03
7.833994797865550044e-03
6.805345010757446120e-03
6.341866453488667447e-03
6.834296107292175265e-03
5.728743461767832855e-03
5.531664037704467525e-03
5.534353168805440648e-03
5.045510232448578193e-03
5.155701371033986034e-03
4.843074448903401594e-03
4.238622399171193544e-03
4.317872289816538332e-03
4.003784437974293800e-03
4.180743215481440636e-03
3.944778410593668787e-03
3.804851464430491180e-03
3.485281678040822503e-03
3.413644214471181233e-03
3.630335046847661326e-03
3.445889723300933627e-03
3.100399176279703718e-03
3.765475702285766765e-03
3.477024134000142579e-03
3.162005792061487863e-03
3.075728966792424558e-03
3.334072625637054307e-03
3.197030325730641689e-03
2.916804573933283549e-03
2.874552951256434136e-03
4.028120795885721528e-03
3.315918304522832028e-03
3.711507789293925098e-03
2.885872664054234607e-03
2.583249346415201781e-03
2.925456440448761120e-03
2.779571620623270869e-03
2.718795152505238885e-03
2.658288739124933971e-03
3.086411720514297373e-03
2.752721579869588184e-03
3.192894148826598989e-03
3.319795868794123399e-03
2.591947303215662475e-03
2.470594032605489057e-03
2.282832113901774127e-03
2.168620985746383834e-03
2.326144506533940701e-03
2.342548565069834526e-03
2.504096905390421415e-03
4.047946457068125718e-03
4.089265378316243697e-03
2.719769952694575058e-03
2.375703795750935907e-03
2.412819204727808566e-03
2.174936854839324904e-03
1.777088891466458613e-03
2.003715435663859252e-03
1.881434967120488482e-03
2.109890371561050273e-03
2.497420229514439767e-03
2.190425064166386798e-03
2.714698996146520070e-03
2.180502031246821064e-03
2.808875709772110183e-03
2.373417814572652013e-03
2.384670519828796520e-03
2.775994815429051916e-03
2.709978902339935450e-03
3.208981233835220357e-03
1.889754015207290722e-03
