2.304513167317708167e+00
4.926236495971679785e-01
3.046624534606933721e-01
2.463820597330729223e-01
2.077748430887857989e-01
1.816401476542154891e-01
1.551258646647135364e-01
1.380897387186686143e-01
1.242404237111409543e-01
1.101651407877604211e-01
9.888396072387695135e-02
8.898414681752522815e-02
8.147738844553630011e-02
7.418368457158407148e-02
6.776144771575927372e-02
6.292721786499023973e-02
5.917744528452555108e-02
5.273156750996907394e-02
5.144114977518717685e-02
4.646432256698608543e-02
4.208234291076660277e-02
4.035263808568318594e-02
3.706855684916178506e-02
3.363317964871724575e-02
3.097025909423828036e-02
3.018998107910156325e-02
2.856981439590454072e-02
2.512813564936320146e-02
2.435738032658894825e-02
2.182401018142700322e-02
2.189842394193013478e-02
1.904974244435628239e-02
1.823457487424214735e-02
1.892944641113281090e-02
1.548054848512013700e-02
1.597310317357381049e-02
1.452594019571940183e-02
1.334284839630126875e-02
1.344690202077229897e-02
1.136506780783335356e-02
1.092424383958180700e-02
1.126504864692687985e-02
9.511372510592142060e-03
9.427245903015137388e-03
8.560250576337177786e-03
8.416571148236592567e-03
8.507912373542786399e-03
7.786243446667989038e-03
7.650045315424601651e-03
7.246813054879506708e-03
6.894765726725260446e-03
7.452144988377889037e-03
6.641439326604207070e-03
6.115944544474284129e-03
5.585342689355214489e-03
5.848792362213134713e-03
5.897558434804280915e-03
5.947392936547597417e-03
5.273119982083638094e-03
5.099711517492930279e-03
5.237264184157053477e-03
5.497304987907409256e-03
6.628108139832814341e-03
5.493668023745218627e-03
5.234572112560272571e-03
5.105466977755228689e-03
4.763851853211720395e-03
4.967921042442321501e-03
4.440759287277857605e-03
4.625867811838785953e-03
4.342266702651977409e-03
4.100255235036214148e-03
4.184619116783141850e-03
4.347997748851775875e-03
3.781802169481913219e-03
3.854541492462158249e-03
3.994484084844589222e-03
3.675478764375050920e-03
4.295769610007603954e-03
4.978630622227986531e-03
4.072821778059006019e-03
3.847729317347208661e-03
3.853751560052235802e-03
3.773953115940093927e-03
4.074437065919239882e-03
3.556958297888437696e-03
3.637108292182286619e-03
4.455553577343622680e-03
3.927408019701639913e-03
6.325145792961120277e-03
4.632490356763203573e-03
3.410119101405143915e-03
3.545731949806213163e-03
2.869721060991287098e-03
2.919349316755930415e-03
2.901052606105804319e-03
3.152911770343780513e-03
3.011819046735763478e-03
2.948693046967188446e-03
2.852628592650095513e-03
2.821908762057622443e-03
