2.227507870737711393e+00
1.444554118156433087e-01
7.832082428932189699e-02
5.255841885606447883e-02
4.167793984015782938e-02
3.244067248304684931e-02
2.613668291171391753e-02
2.184111418922742368e-02
1.801117969155311554e-02
1.546852677365144133e-02
1.369740144411722878e-02
1.148415485123793246e-02
1.009109982152779812e-02
9.470214069883029287e-03
1.023111127714316018e-02
7.328932025035221967e-03
7.236942365268866049e-03
7.277321709692478185e-03
6.452583996454874793e-03
6.228820463021596254e-03
5.446178579330444164e-03
5.089516209065914412e-03
5.004679221411545940e-03
4.525309383869170754e-03
4.631680742899576923e-03
4.253953835368156147e-03
4.442119492093722123e-03
5.020778771738211577e-03
4.196378849943479053e-03
4.049316035707791611e-03
3.751502160355448846e-03
4.975564427673816528e-03
4.767403917014598723e-03
3.749528981745243062e-03
2.866769415388504758e-03
3.547405909001827371e-03
2.693436329811811549e-03
3.781807740156849316e-03
4.928894320627053190e-03
5.198161987711985739e-03
3.101209757477045234e-03
2.798163700103759900e-03
2.315112866709629659e-03
3.216857280085484369e-03
2.907503663003444764e-03
4.904026267429193071e-03
4.690521325419346431e-03
3.440292312204837680e-03
2.216116858273744789e-03
2.695225767294565870e-03
2.457015954703092517e-03
2.673614063362280639e-03
6.693357978512843275e-03
3.343467760582764878e-03
2.606285703182220637e-03
2.120430290450652649e-03
2.185651056220134277e-03
2.646093522260586309e-03
2.627745632765193882e-03
4.053312170257171096e-03
6.160314748187859825e-03
2.321855708708365704e-03
2.026249779885013706e-03
1.970814341803391566e-03
2.583532096693913222e-03
7.483349226911862814e-03
5.229409616688887423e-03
2.039512624343236234e-03
1.643189209947983455e-03
1.851665498812993466e-03
2.171380670865376804e-03
2.524082990735769440e-03
5.998750583330790531e-03
3.598015897721051990e-03
1.950572911898295183e-03
1.728524937977393401e-03
1.908217778553565397e-03
2.017733723421891688e-03
2.798515256742636383e-03
7.570976165185372420e-03
2.835213497777779989e-03
1.647331208052734471e-03
1.733294847110907269e-03
1.661825927843650240e-03
1.982767381643255489e-03
2.544176154583692624e-03
5.505715966473022707e-03
7.663599832107623362e-03
3.265512742847204251e-03
1.876234059780836159e-03
1.614753716687361389e-03
1.751371196160713805e-03
2.000842512647310958e-03
2.685041734824577912e-03
3.965990587323903888e-03
8.153150450686614398e-03
2.148853480070829491e-03
1.694320787489414200e-03
1.887166159724195692e-03
2.089660375068585259e-03
2.063301571210225411e-03
4.602391242484251375e-03
3.172193716093897956e-03
1.862878951927026024e-03
1.717056296517451659e-03
1.909554785490036018e-03
2.325350807110468637e-03
2.231859263032674734e-03
4.261839626729488524e-03
3.477001767605543327e-03
2.713444574922323042e-03
1.848704425742228857e-03
1.589377731581528971e-03
1.704233086233337621e-03
2.220105326424042305e-03
3.297749280432860086e-03
2.953859333693981386e-03
3.233524621029694891e-03
4.004858478407064860e-03
2.737454432869951097e-03
2.562096124390760964e-03
3.459506383538246081e-03
1.652426534146070498e-03
1.645323210333784428e-03
1.806925921390453976e-03
2.616371892392635196e-03
3.923266414552926615e-03
4.209176566203435069e-03
2.427305172756314289e-03
1.851359317948420751e-03
1.731717026730378566e-03
2.465990981335441229e-03
2.072517571846644105e-03
5.845729223390419907e-03
3.304208622872829588e-03
2.681571366886298033e-03
2.318533004323641497e-03
1.820751807093620245e-03
1.573561150208115491e-03
1.604254029567043095e-03
1.862673219293355846e-03
3.630749785651763220e-03
3.508292609204848554e-03
2.913543327649434269e-03
1.765205134823918248e-03
1.670603640253345238e-03
1.804279297341903048e-03
2.844609537720680162e-03
4.022566370666027374e-03
4.865308047334353063e-03
2.065804003427425956e-03
