2.330464397176106761e+00
2.406680081367492674e-01
1.506945031483968023e-01
1.124140544970830269e-01
8.769076690673828500e-02
7.298449225425719666e-02
6.219430275758107418e-02
5.557789865334828577e-02
4.685036837259928116e-02
3.988822979529698526e-02
3.682203349272410164e-02
3.103326186339060502e-02
2.904125100374221891e-02
2.563082723220189499e-02
2.108097081780433563e-02
2.090535794893900665e-02
1.753465903401374773e-02
1.548893317778905244e-02
1.358655535181363394e-02
1.386167089442412112e-02
1.211639823814233095e-02
1.185390769143899320e-02
1.030538223485151852e-02
1.022408756613731387e-02
8.919470010201135599e-03
8.442886986831824730e-03
8.110780360301335368e-03
8.141768883665401885e-03
7.063755326469738950e-03
6.647821016112963333e-03
5.865820675094922561e-03
6.051977847516537036e-03
5.816405067344506893e-03
6.087470043202241471e-03
5.859949033210675243e-03
5.856601543227831115e-03
5.405292098224163087e-03
4.671321235100428688e-03
6.252724128961563085e-03
7.177747028569380315e-03
6.520577422777811515e-03
4.950106948117415431e-03
5.796715171138445456e-03
4.621402419110139104e-03
4.368551180760065801e-03
5.007466652492681761e-03
4.339964542041222645e-03
4.076792402068774197e-03
4.534777177373568342e-03
6.196340628961721948e-03
5.066236684719721897e-03
5.449262010057766975e-03
3.757424021015564816e-03
2.856695492813984740e-03
3.030566104253133199e-03
3.575695961217085356e-03
7.048642417291800001e-03
5.203975866983334524e-03
4.927042140066623631e-03
3.884793882071971988e-03
2.616508120050032877e-03
2.879884084314107869e-03
2.953832458953062606e-03
6.073013089100519867e-03
5.923350155353545969e-03
4.472796696672836844e-03
3.463371749470631200e-03
2.454409050196409373e-03
2.487203168869018492e-03
3.841725227733453017e-03
6.242920227348804606e-03
6.076650174458821801e-03
4.109190720071395284e-03
3.248059123257796086e-03
2.382859469453493632e-03
2.207984594504038521e-03
3.731562331815560605e-03
7.439043120046456500e-03
4.326627216488122991e-03
2.884559852257371094e-03
2.592665569732586703e-03
2.135223320623238791e-03
2.504186811546484787e-03
3.991415079186359620e-03
6.163251763085524255e-03
7.418038217971722331e-03
3.311470438291629070e-03
2.135721547404924921e-03
2.108896262447039222e-03
2.886483700821796880e-03
2.189799133936564182e-03
2.697043106208244986e-03
6.532367024322350418e-03
6.003197106719017351e-03
2.526095297249654915e-03
1.904594576358795231e-03
2.416826054081320976e-03
2.280597279220819302e-03
2.551996693760156480e-03
3.717719372610251219e-03
1.409368098626534102e-02
4.510162502589325044e-03
2.108367889374494503e-03
1.874107469618320433e-03
2.005038747439781728e-03
2.054596828669309500e-03
2.882846038043499013e-03
3.897803261379400794e-03
4.339938051501910157e-03
4.737882400552432052e-03
2.609372748434543501e-03
1.912673250089089129e-03
2.148478403066595398e-03
2.645918665081262774e-03
1.217051407024264363e-02
4.426000101864337524e-03
5.626068823660413006e-03
2.324164215723673391e-03
1.969097639868656706e-03
1.793043861289819003e-03
1.958795983095963731e-03
4.787318073213100121e-03
3.308510626604159802e-03
8.585157887637615698e-03
3.928189322600762409e-03
2.424302515139182320e-03
1.710192410151163819e-03
2.031072944899400129e-03
2.289599350343147956e-03
2.526054733370741105e-03
1.299602951308091552e-02
4.729736733933290020e-03
2.841835966457923260e-03
1.898369153589010228e-03
2.267722609887520488e-03
2.036514897023638214e-03
2.755234007040659790e-03
6.703365038832028930e-03
5.769922386606534358e-03
4.253191079447667111e-03
2.160384083663423847e-03
1.883781867225964822e-03
2.044980651388565544e-03
2.545409957816203300e-03
7.597459132969379414e-03
7.414763645827770165e-03
3.522391124690572254e-03
1.954248285293579135e-03
1.806436458230018622e-03
1.958283835152784935e-03
2.028024105727672510e-03
