2.098148447672525840e+00
4.178575063069661644e-01
1.935427515665689990e-01
1.443902772267659507e-01
1.187346139272053985e-01
1.016487120310465564e-01
8.989947128295898426e-02
8.143347574869791439e-02
7.448645019531249800e-02
6.872640444437662366e-02
6.396809711456298564e-02
6.012836380004882991e-02
5.621063448588053263e-02
5.314147297541300247e-02
5.020754270553588750e-02
4.781669597625732432e-02
4.497186778386434020e-02
4.298301916122436450e-02
4.111555995941162250e-02
3.866265144348144528e-02
3.719625205993652012e-02
3.573307164510090839e-02
3.388651528358459231e-02
3.212654492060343370e-02
3.116539735794067456e-02
2.965218992233276465e-02
2.871639087994893452e-02
2.722627779642741025e-02
2.620342664718627868e-02
2.463780212402343767e-02
2.410134557088216070e-02
2.245483614603678221e-02
2.166304861704508589e-02
2.076544618606567319e-02
2.120842445691426686e-02
1.921148735682169650e-02
1.840856796105702631e-02
1.775316510200500644e-02
1.674755207697550471e-02
1.641086075305938849e-02
1.560346242586771633e-02
1.477089004516601509e-02
1.414247508843739787e-02
1.391337925593058231e-02
1.288232765992482556e-02
1.279958680470784545e-02
1.175759119192759140e-02
1.147889134089151962e-02
1.090567632516225259e-02
1.054442873001098548e-02
1.072010215123494516e-02
9.921893548965454029e-03
9.512638958295186603e-03
9.215972582499185398e-03
9.002980264027913085e-03
8.516322767734526775e-03
8.314736644426981918e-03
8.056110994021098079e-03
7.688432176907857539e-03
7.410097146034240294e-03
7.797033560276031387e-03
7.423976270357767956e-03
7.359074584643045952e-03
6.702222895622253311e-03
6.751859323183695763e-03
6.230538654327392491e-03
6.347045143445332813e-03
6.078660607337951251e-03
6.245373348395030083e-03
5.928328692913055128e-03
5.644694026311238358e-03
5.576887528101603236e-03
5.915121463934580603e-03
5.882736484209696165e-03
5.646682842572530066e-03
5.065049215157826738e-03
4.949876836935679369e-03
5.036417762438456618e-03
5.074413994948069086e-03
5.047538765271504871e-03
5.386929003397623698e-03
4.869208232561747507e-03
4.572724680105845138e-03
4.493081319332122708e-03
4.375669670104980619e-03
4.727959446112314952e-03
4.343250977993011117e-03
4.097483309110005675e-03
4.251378726959228159e-03
4.382681479056676523e-03
4.292526960372924916e-03
4.275908442338307615e-03
4.705341788132985127e-03
4.459414144357045501e-03
3.914731784661611147e-03
4.000959885120392023e-03
3.799431484937667962e-03
3.772033357620239134e-03
4.002177965641021996e-03
4.583710702260335342e-03
4.725090503692627036e-03
