2.311414946746826349e+00
3.308572371164957837e-01
2.449150423367818241e-01
1.996343808809916132e-01
1.688909436702728251e-01
1.444058910051981559e-01
1.276508299509684363e-01
1.120681026299794464e-01
9.990597346623739106e-02
9.163626047770181970e-02
8.306610593001047260e-02
7.738726068337759001e-02
7.390473709106445965e-02
6.800135362943013351e-02
5.909259795347849425e-02
5.501723945140838540e-02
5.492539354960123549e-02
5.006143463651339248e-02
4.366822392940521158e-02
4.528864142100016282e-02
3.875153273741404475e-02
3.606835901737213274e-02
3.620201714436212942e-02
3.358753448724746682e-02
2.899496388832728186e-02
2.815787042379379324e-02
2.566291814247767186e-02
2.617172218958536620e-02
2.298200152119000625e-02
2.223113265633583011e-02
2.007539007663726796e-02
1.948333347837130289e-02
1.968274750312169405e-02
1.811275163094202764e-02
1.619711355169614272e-02
1.689127558668454543e-02
1.609756168723106354e-02
1.518658797343572057e-02
1.366556782821814163e-02
1.278682753245035872e-02
1.439186400870482059e-02
1.135743120610713947e-02
1.134355422258377134e-02
1.110268651644388815e-02
1.267538279592990945e-02
1.055442167917887419e-02
1.000426856478055238e-02
9.018577091892561112e-03
9.908551451067129645e-03
9.915927713116010414e-03
9.271554673711459443e-03
1.093741949697335514e-02
9.273249078790346545e-03
7.968960872292518358e-03
9.192303442955017043e-03
7.672832328081130929e-03
7.599796630938847851e-03
6.997644269466400495e-03
7.362909752130507995e-03
7.822260838747024242e-03
8.649827831983565932e-03
7.104285983244577884e-03
9.241564028461773592e-03
6.998432671030362096e-03
7.185184043645858470e-03
7.710283572971821098e-03
7.581452148159344845e-03
7.505098900198936204e-03
6.954677285750707205e-03
6.857660299291213138e-03
8.256768690546353873e-03
6.031012201805909315e-03
9.286860838532447551e-03
6.647387836376825697e-03
6.479103296001752568e-03
8.728108755250771691e-03
6.817133841911952007e-03
6.279314869145552654e-03
5.946772449215253012e-03
7.996578845381737549e-03
8.541863008340200292e-03
6.328136115272839715e-03
5.982798933237790974e-03
5.550038488954306057e-03
7.614442824323971841e-03
5.282000882426897415e-03
5.980643801887830339e-03
5.670681251088778574e-03
4.803934692839781362e-03
1.023965427180131317e-02
5.203671621779600888e-03
5.938662248849868597e-03
6.832621198395887920e-03
9.372083835800489385e-03
5.968350525697072549e-03
5.959428329393267991e-03
4.473990148057539924e-03
6.546399295330047365e-03
5.450631967683632929e-03
5.345930644373098756e-03
6.205594137310982070e-03
7.835956083238124550e-03
5.878763368229070890e-03
4.722562921543916291e-03
6.088371734693646606e-03
6.472715768714745917e-03
6.415571238597234105e-03
5.804704732696215272e-03
1.035302663495143299e-02
5.517409003277619524e-03
5.668338974316914670e-03
4.450206399460633795e-03
9.935309635102749712e-03
7.680933344860871662e-03
4.920717135071754796e-03
5.309777993957202034e-03
5.268458541234334429e-03
5.600209963818391506e-03
8.275498409072558001e-03
5.671202794214089647e-03
4.961967258652051453e-03
5.156939264635245282e-03
5.110231494406859004e-03
5.940634304781754714e-03
9.208380561570327083e-03
5.658570069074630483e-03
4.860188049574692970e-03
4.336159087220827803e-03
4.706492119282483684e-03
4.598727771639823589e-03
7.044333758701880679e-03
6.764168844620386742e-03
5.198864287137985353e-03
4.827324603001276540e-03
5.622426573435465591e-03
4.507336989045143336e-03
5.266113777955373082e-03
6.300070784489313416e-03
5.239002526799837675e-03
6.648814289271831601e-03
9.636284061272938281e-03
4.963431885341803261e-03
4.059962358574072637e-03
4.497096834580103716e-03
5.210710991422335195e-03
7.017446976403395736e-03
4.771765643358230266e-03
5.616201100746790603e-03
4.357828580836454677e-03
5.184601736068725555e-03
4.946994043389956255e-03
