2.232249202219645401e+00
1.438477739969889202e-01
7.865425666968027529e-02
5.424575297037760591e-02
4.021366089582443376e-02
3.152682784795761417e-02
2.588769523898760624e-02
2.228675863146781927e-02
1.852695857882499797e-02
1.514754223128159799e-02
1.411000047326087942e-02
1.374352576533953429e-02
1.010380535473426149e-02
9.600117411216099392e-03
8.658631823460261751e-03
7.810250288744767164e-03
6.882697508235772164e-03
6.578965158760547230e-03
5.684928183257579801e-03
5.527063416937987202e-03
5.342426010966300730e-03
4.701910506188869583e-03
5.195085225502649867e-03
4.568052964657545213e-03
4.627232295274734571e-03
3.778830381234487071e-03
4.747061619659265208e-03
4.231654760241508259e-03
4.230734026432036998e-03
3.816384294629097083e-03
4.177888235201438448e-03
4.253149604797363571e-03
3.825602347652117593e-03
3.901090516149997595e-03
3.640228055665890427e-03
3.372171868383884528e-03
3.939391813178857137e-03
4.804319002727667522e-03
3.277115598320961068e-03
3.018315453082323109e-03
2.772543429707487617e-03
3.666509535411993474e-03
6.681169820328553173e-03
3.235359480480353139e-03
4.116851857552925736e-03
2.836935171484947400e-03
2.391472133000691579e-03
4.004291235407193839e-03
4.165619766960541696e-03
3.444342914720376243e-03
3.340152638653913920e-03
2.213850751519203051e-03
3.147518756861488170e-03
3.412610508253176907e-03
3.994022314498821800e-03
3.919667707383632516e-03
3.165274545301993703e-03
5.486078788091738705e-03
2.129696572075287682e-03
1.904015032947063485e-03
1.999614657213290552e-03
2.469948693240682329e-03
4.907301391412814684e-03
3.268375579764445666e-03
3.406070998807748072e-03
2.823271189257502492e-03
2.155720641277730429e-03
1.730155224973956712e-03
2.432779542294641415e-03
2.485474812487761202e-03
4.314558600882689547e-03
3.736167494207620447e-03
3.860971139619747989e-03
2.699143795420726015e-03
2.039766340206066592e-03
1.755291290829579139e-03
1.855683648337920575e-03
2.353920570015907102e-03
2.737263421465953046e-03
6.872470114131768587e-03
4.038668314740061736e-03
2.233009282251199185e-03
1.639272251228491564e-03
1.582909989853700057e-03
1.952153403063615128e-03
2.287505909676353349e-03
3.668750014652808616e-03
6.072271372874578181e-03
4.659223864227532950e-03
2.455282488589485314e-03
1.809135147184133497e-03
1.691831042865912186e-03
2.160024017840623915e-03
2.140804442763328663e-03
4.175604686141014092e-03
3.635625324149926486e-03
5.736298505465189587e-03
4.098718161880969893e-03
2.455602349589268429e-03
1.768361757198969519e-03
2.469883079081773656e-03
4.534409463157256133e-03
2.851620037853718013e-03
1.780035636946558988e-03
1.638741214821736120e-03
1.716917342692613532e-03
2.271889218439658315e-03
2.401208705951770293e-03
2.840192927420139447e-03
7.705057928462823516e-03
3.508011455585559411e-03
1.617109943429628945e-03
1.545860098799069649e-03
1.695001276334126821e-03
1.667436088869969114e-03
2.095890574405590793e-03
3.162954470018545725e-03
3.216335173199574328e-03
4.312950117513537386e-03
4.158209437256058134e-03
1.957878972465793357e-03
1.703506252666314551e-03
2.149262801061074118e-03
2.115177895128726986e-03
4.025843667735656134e-03
8.121191975474357366e-03
6.068041922897100468e-03
1.602606967960794760e-03
1.460165872673193721e-03
1.483829931666453715e-03
1.565753283848365192e-03
1.796978109578291610e-03
2.624222315847873736e-03
6.085247664401928665e-03
4.011732917030652427e-03
2.029273110876480581e-03
1.636272713666160920e-03
1.478129843498269614e-03
1.942834406097729933e-03
3.479124414175748924e-03
1.860432089492678647e-03
2.470253907889127538e-03
6.675797164191802323e-03
2.259189044932524270e-03
1.529724550992250407e-03
1.490870610997080880e-03
1.904091210911671274e-03
2.090660726465284891e-03
2.436409761011600582e-03
8.571130709846814730e-03
3.722538497795661091e-03
