2.300061290486653753e+00
2.374278713862101320e-01
1.492017835617065469e-01
1.118723097801208460e-01
9.054203253984451083e-02
7.539040786822637230e-02
6.181792444785436103e-02
5.526666224002838024e-02
5.060644337336222404e-02
4.259736960331599043e-02
3.614193304379781368e-02
3.233909753163655837e-02
2.907759854495525417e-02
2.540467953085899511e-02
2.469075598518053610e-02
2.103772707581520046e-02
2.029333111643791265e-02
1.839514530698458522e-02
1.579474281469980812e-02
1.415856032222509442e-02
1.468825042645136546e-02
1.210346638560295084e-02
1.084088082710901908e-02
9.682879379391670996e-03
1.197668082267045950e-02
8.490889795124530182e-03
8.398806668321292385e-03
8.412963589032490183e-03
6.970513904591401147e-03
7.227398253480593615e-03
8.334660520652929436e-03
6.400067094961802046e-03
5.647474441428978857e-03
6.015923937658468508e-03
6.283569880326588669e-03
6.843561858435471754e-03
5.093340118229388973e-03
4.635140550881624438e-03
5.163140120108922031e-03
5.056659788390000659e-03
5.087747116883595787e-03
5.028398713966210701e-03
5.835012095669905689e-03
4.005268716563780730e-03
3.388036146759987061e-03
5.480143525451421777e-03
4.220607712368170013e-03
4.821895860756437134e-03
4.613742628693580372e-03
4.884279472877581761e-03
7.001403250296910595e-03
4.124011552333831793e-03
4.668108215679724754e-03
3.822129970540602811e-03
3.940778515736261672e-03
3.076195667684078049e-03
3.601240213463703654e-03
5.418623753388722951e-03
5.294455351432164614e-03
3.798083056261142287e-03
3.734176249553759677e-03
4.571465526521206225e-03
2.715983861560622697e-03
5.563602059582868978e-03
5.824607655902703553e-03
4.037301680694023800e-03
3.064683264245589723e-03
3.336271381874879403e-03
3.068972555796305353e-03
7.780071685711542617e-03
2.930571189026037748e-03
2.203860936810572886e-03
2.148154796659946554e-03
3.109241981307665336e-03
8.027822744597991333e-03
8.395350760221480593e-03
2.755091500530640249e-03
2.322829924027124994e-03
2.125244893133640487e-03
2.214409210036198151e-03
4.644536587099234136e-03
5.624732987582683509e-03
8.565932145714759763e-03
1.001050071368614867e-02
2.302645323673884001e-03
2.082035438219706058e-03
2.017617618540922669e-03
2.302632377048333297e-03
3.308172119160493387e-03
8.241773767272631696e-03
6.339240736514329885e-03
4.798809451858202998e-03
4.915967758496602585e-03
2.862853405127922801e-03
2.544029997040828106e-03
3.423618424807985464e-03
2.888751037418842496e-03
5.158678645392258608e-03
4.659516891837120478e-03
2.617314572880665574e-03
2.015731498350699889e-03
1.809636417031288075e-03
2.033840633432070551e-03
1.013883566459019940e-02
5.019470362861951258e-03
6.085731650888919625e-03
2.516916573544343214e-03
2.293784217784802012e-03
2.171658195493122046e-03
3.167656287178396979e-03
3.619306623935699633e-03
4.683267578482627758e-03
3.666958271960417404e-03
2.159864483525355660e-03
3.479286408176024935e-03
2.333437070498863963e-03
4.814029370745023274e-03
3.452862539639075731e-03
3.580018421883384479e-03
3.495698312918345090e-03
3.059930049379666790e-03
1.859901703894138248e-03
1.842870954175790171e-03
2.503648428370555418e-03
2.219479714334011110e-03
5.333540897816419629e-03
7.651201789081096306e-03
5.258525994420051516e-03
3.583193655808766809e-03
2.258559671044349688e-03
1.727846741427977936e-03
2.011084959780176564e-03
2.246744980166355803e-03
7.992415369302034375e-03
8.543531749645869727e-03
2.840819643686215076e-03
1.911231798554460185e-03
2.043496515105167836e-03
2.043426790088415362e-03
2.276939158141613045e-03
5.953096250693003418e-03
5.978937144080797780e-03
4.374181562413772227e-03
2.274185837060212993e-03
1.930481754491726641e-03
1.800258859371145536e-03
2.367499606187145091e-03
3.109203913311163730e-03
9.636494983732700123e-03
5.112047372510035610e-03
1.847293306142091781e-03
