2.310697955322265518e+00
4.942552917480468877e-01
2.986132497151692822e-01
2.425821754455566304e-01
2.101804220835367942e-01
1.830129412333170447e-01
1.540050336201985726e-01
1.393465991973877049e-01
1.233869654337565042e-01
1.112379455566406272e-01
1.002610089619954403e-01
9.381041768391927549e-02
8.435983448028563925e-02
7.769602015813191487e-02
6.942823680241902440e-02
6.429777590433756462e-02
6.029807907740274836e-02
5.527798703511555695e-02
4.974709288279215158e-02
4.741128222147623916e-02
4.182877311706542645e-02
4.046867332458495975e-02
3.761886227925618359e-02
3.388126068115234618e-02
3.171595961252848123e-02
2.887049582799275718e-02
2.708226195971170924e-02
2.603897770245870019e-02
2.445089352925618534e-02
2.229006776809692308e-02
2.107012877464294401e-02
2.033585049311319864e-02
1.800304862658182875e-02
1.813802377382914277e-02
1.585953823725382364e-02
1.515319153467814192e-02
1.383641523520151746e-02
1.367799890836080001e-02
1.231363037427266396e-02
1.223722978432973188e-02
1.155453969637552925e-02
1.073857562541961734e-02
1.011236689885457347e-02
9.805814266204833721e-03
1.020632911523183112e-02
8.734597047170002473e-03
8.094614632924398631e-03
8.674000994364420083e-03
8.165664490063985481e-03
7.191077049573262742e-03
7.311368266741434876e-03
6.620300185680389436e-03
6.941267518202463675e-03
6.599891845385233262e-03
6.084276405970255250e-03
5.962506067752838292e-03
5.520677351951598817e-03
5.295093456904093401e-03
5.354435145854949916e-03
5.772029693921407016e-03
5.221221685409545808e-03
4.930919877688090362e-03
4.686439204216003192e-03
5.538983635107676447e-03
4.465347655614217148e-03
4.596089637279510663e-03
4.681540020306905123e-03
4.718246428171793752e-03
4.643003010749816549e-03
4.814978742599487251e-03
4.315751091639201051e-03
4.594195950031280777e-03
4.370531352361043537e-03
4.335006360212961644e-03
4.108048752943674851e-03
3.713041782379150439e-03
4.981729563077291235e-03
3.923680913448334036e-03
4.652583559354146400e-03
5.789236235618591166e-03
5.527836831410726237e-03
3.989065005381902361e-03
3.564337607224782496e-03
3.673590578635533600e-03
3.586020529270172053e-03
3.642598513762156012e-03
3.180925937493641990e-03
3.447474749883015777e-03
3.984518496195475594e-03
4.184921077887216942e-03
4.286380867163340491e-03
4.318735738595327021e-03
4.764579852422078793e-03
5.650895957152048989e-03
3.676300946871439729e-03
2.901071407397588179e-03
2.707623968521753830e-03
3.547207427024841406e-03
3.436667716503143295e-03
2.821688081820805920e-03
3.716371953487396240e-03
